154

6 5 23 2
55 53 81 25 5 23 7
6 26 97
26 28 8 7 38 7
10 7 38 9
63 17 7 38 20
90 51 7 38 8
128 131 51 7 38 8
119 116 7 38 27
10 0 3 56 9 6 2
150 3 56 9 6 3
31 34 56 9 6 7
10 0 37 56 9 6 9
10 60 104
10 13 7 11
10 12 11 13 7 4
10 12 13 7 5
110 100 12 13 7 9
26 18 13 7 7
26 18 16 35 39
26 28 16 35 5
19 47 107
130 2 21 20 17 12
155 22 20 17 8
24 22 104
26 58 200
31 27 136
130 2 35 45 1
26 28 8 35 45 1
55 27 35 45 4
31 35 45 30
31 32 35 45 22
31 34 35 45 13
39 35 45 7
110 100 35 45 1
36 52 78
39 61 76
31 34 42 15 20
55 50 42 15 2
26 101 50 42 15 11
110 50 42 15 3
39 151 29 43 3 2
65 43 3 25
130 2 44 30 17
65 43 44 30 4
10 0 37 56 44 30 11
62 23 61 44 30 6
10 0 60 61 44 30 3
62 0 60 61 44 30 1
45 18 128
36 46 33 2
45 46 33 29
26 1 4 49 5 1
62 4 49 5 21
120 4 49 5 9
58 105 49 5 15
54 57 84
55 14 84
58 64 92
62 37 213
63 4 60
120 4 64 24 6
63 64 24 31
65 28 89
67 36 100
68 2 50
120 4 69 0 13
26 28 69 0 13
58 70 69 0 20
68 71 25 37
58 70 71 25 12
68 70 71 25 12
62 0 73 1 18
119 72 73 1 43
39 52 74 75 39 5
55 53 81 52 74 75 39 8
150 3 76 75 39 25
130 77 75 39 4
128 126 75 39 2
83 82 40 13
90 104 82 40 31
83 65 86
90 50 120
91 8 76
128 93 92 41 37
98 43 103
99 48 97
150 3 106 21 2
36 106 21 44
147 106 21 36
62 0 80 108 31 11
110 109 108 31 8
110 108 31 2
110 70 88
110 100 111 32 14
113 111 32 18
113 71 95
55 114 11 12
62 0 80 114 11 18
147 0 80 114 11 16
91 80 114 11 14
113 114 11 7
91 80 115 68 19
147 80 115 68 8
142 115 68 26
26 101 118 19 33
128 131 118 19 3
119 20 130
120 44 59
120 122 54 41
120 123 34 3
120 121 123 34 29
128 69 85
39 129 53 32
128 129 53 14
142 129 53 25
130 67 108
130 103 102 132 16 14
90 104 102 132 16 1
58 105 102 132 16 3
119 102 132 16 6
58 105 132 16 8
155 105 132 16 1
45 134 66 15
55 53 81 52 133 134 66 4
83 87 85 52 133 134 66 6
137 9 116
140 49 79
141 63 54
142 56 163
147 80 144 42 4
154 80 144 42 1
140 144 42 40
55 53 81 143 144 42 13
90 104 145 12 1
147 104 145 12 16
141 145 12 12
113 146 55 20
150 146 55 36
147 29 147
55 27 148 13 27
150 10 114
26 18 152 46 1
154 80 18 152 46 10
154 152 46 10
155 152 46 46
155 59 77
137 138 156 62 19
141 138 156 62 6
142 138 156 62 10
83 87 85 52 79 157 156 62 9
54 158 156 62 17
54 158 51 13
99 158 51 20
