160

5 46 208
6 48 121
69 9 8 23 15
106 9 8 23 21
17 15 65 37
113 112 15 65 14
17 35 119
18 52 48
74 21 68 19
22 32 129
24 66 132
17 2 28 6 7
69 121 2 28 6 9
129 2 28 6 5
22 45 46 28 6 35
66 46 28 6 15
69 121 30 29 40 25
104 122 30 29 40 6
154 30 29 40 18
69 121 31 29 40 2
33 32 25 6
33 35 32 25 8
66 35 32 25 16
33 41 96
33 34 22 50
38 34 22 14
5 1 0 36 17 6
5 7 0 36 17 24
115 3 36 17 1
142 3 36 17 17
37 31 89
38 71 89
142 3 40 48 62 6
69 50 48 62 4
135 48 62 18
33 49 9 19
69 50 49 9 13
5 7 0 52 27 2
63 0 52 27 1
154 30 52 27 1
91 60 51 52 27 21
65 51 52 27 17
135 52 27 16
17 14 55 28 13
38 39 57 54 55 28 5
63 62 41 57 54 55 28 4
63 56 55 28 32
63 62 41 57 0 6
69 57 0 24
33 61 58 45 12
101 158 58 45 10
157 158 58 45 10
18 59 36 28
142 3 40 59 36 7
38 44 40 59 36 5
125 40 59 36 1
17 153 40 59 36 29
91 90 59 36 6
63 4 114
65 21 80
66 10 163
67 39 91
66 68 59 6
67 68 59 13
104 122 68 59 10
69 12 263
69 70 19 9
69 71 70 19 6
142 70 19 39
69 71 1 2
101 120 71 1 12
69 1 123 71 1 6
101 120 123 71 1 10
125 123 71 1 3
73 26 107
74 29 102
38 43 76 60 3
74 76 60 12
115 76 60 48
65 80 51 45
157 83 80 51 2
157 83 30 43
38 44 85 70 5
63 85 70 7
86 85 70 22
106 47 87 85 70 5
106 47 87 57 17
86 87 57 50
91 44 97
5 126 94 14 36
18 99 37 15
100 43 69
101 55 97
104 42 102
106 69 90
104 107 56 29
104 105 107 56 4
106 107 56 10
111 18 99
113 8 99
113 114 61 4
115 114 61 36
135 114 61 24
115 5 121
125 123 124 15 18
125 124 15 12
22 126 124 15 3
125 126 124 15 20
125 126 127 124 15 3
125 2 83
129 50 82
142 3 130 58 19
106 103 130 58 5
101 120 131 33 11
63 62 41 132 13 9
67 41 132 13 7
154 93 132 13 1
111 132 13 7
69 1 150 132 13 18
74 62 150 132 13 2
157 150 132 13 21
63 0 134 64 16
38 134 64 16
157 150 132 134 64 1
135 67 53
22 25 136 20 9
17 153 40 116 136 20 2
129 116 136 20 25
135 136 20 15
101 120 139 138 136 20 4
101 140 139 138 136 20 4
38 43 137 3 6
129 128 43 137 3 27
104 122 137 3 29
135 137 3 4
142 54 97
104 122 143 7 1
101 140 139 143 7 10
142 143 7 19
18 20 144 11 10
22 45 20 144 11 12
101 140 144 11 22
5 146 53 9
106 47 102 146 53 10
69 98 102 146 53 2
148 145 146 53 22
149 145 146 53 9
148 146 53 45
148 49 75
149 24 115
157 150 152 47 24
66 151 152 47 29
154 152 47 15
154 38 95
135 137 156 63 12
157 156 63 1
157 158 156 63 20
157 16 111
157 150 159 34 2
157 159 34 39
