159

53 4 0 8 5 2
57 0 8 5 16
54 10 8 5 33
150 40 62 60 8 5 1
114 8 5 21
29 9 0 24
36 9 0 19
20 18 40 37
54 18 40 27
38 63 18 40 6
20 55 56
65 24 46 4
96 24 46 39
96 24 25 35 1
150 24 25 35 33
96 2 26 25 35 2
96 2 26 31 18
38 63 26 31 4
51 63 26 31 12
104 64 26 31 8
27 45 94
36 28 60 16
53 28 60 26
29 59 128
32 57 121
32 34 18 10
29 33 34 18 37
35 20 125
36 63 93
36 37 19 5
38 37 19 2
65 37 19 40
27 3 101 37 19 8
38 47 113
42 43 89
35 43 24 17
150 40 43 24 7
44 41 43 24 4
42 43 24 19
44 43 24 24
44 38 155
42 45 50 21
44 45 50 33
54 45 50 26
59 45 50 14
114 16 49 49 2
48 49 49 47
51 27 70
53 26 113
54 15 90
55 51 92
57 36 96
96 2 1 58 29 9
32 1 58 29 1
54 1 58 29 6
59 58 29 49
59 41 115
65 69 199
74 21 111
78 2 98
78 76 80 58 17
78 77 80 58 19
78 80 58 6
32 112 128 80 58 12
127 128 80 58 12
86 32 138
53 89 42 13
91 92 90 13 8
93 90 13 25
91 28 195
93 6 91
96 3 96
97 22 104
20 98 44 45
97 98 44 6
100 54 101
27 3 101 65 3
100 101 65 46
147 101 65 32
102 12 145
104 103 52 32
104 48 82
102 105 9 10
104 103 105 9 4
104 105 9 31
150 105 9 8
97 1 7 108 107 53 2
147 7 108 107 53 1
27 3 109 107 53 18
53 3 109 107 53 9
54 3 109 107 53 12
44 109 107 53 1
53 109 107 53 5
147 7 108 33 11
102 108 33 20
54 3 140 108 33 4
20 19 140 108 33 12
91 140 108 33 13
53 109 4 23
150 40 62 109 4 11
147 62 109 4 19
104 64 109 4 5
104 124 64 109 4 2
147 62 113 61 8
114 113 61 23
114 115 113 61 14
131 113 61 11
127 142 113 61 20
114 39 104
54 3 117 67 4
114 16 111 117 67 9
59 111 117 67 2
114 111 117 67 17
150 117 67 22
53 4 118 66 7
114 118 66 41
57 122 10 34
97 1 70 122 10 1
29 110 122 10 2
32 112 122 10 1
104 124 123 122 10 24
104 124 122 10 4
127 34 111
86 126 130 23 1
131 130 23 44
131 1 75
42 134 62 38
32 112 134 62 3
27 135 134 62 21
150 5 136 134 62 2
74 137 25 13
32 112 137 25 20
139 137 25 10
29 110 138 64 32
96 110 138 64 7
32 112 110 138 64 1
139 137 138 64 2
139 138 64 7
139 70 63
143 8 121
91 11 22 145 68 2
139 145 68 27
91 140 145 68 1
38 146 37 16
91 140 108 146 37 3
147 17 146
149 148 14 42
149 30 113
150 16 103
32 154 156 71 21
96 155 156 71 28
150 40 61 82 157 11 7
74 72 71 61 82 157 11 11
158 157 11 40
78 77 159 157 11 18
96 141 159 157 11 3
158 56 96
96 141 159 7 1
158 159 7 34
