179

62 0 4 32 26
5 4 32 19
61 22 24 4 32 10
5 26 179
5 6 56 31
115 6 56 43
11 1 7 16 18
32 34 7 16 10
8 62 89
11 61 95
16 46 91
62 0 2 26 11 3
30 2 26 11 8
55 26 11 42
30 2 27 70 25
65 83 27 70 5
100 83 27 70 37
30 28 109
30 28 31 4 7
30 31 4 30
32 31 4 27
32 10 54
30 2 33 38 13
67 42 33 38 20
37 80 33 38 18
153 80 33 38 4
122 120 33 38 17
37 13 116
39 1 95
30 28 46 24 13
11 105 82 28 46 24 12
62 0 41 47 46 24 9
67 0 41 47 46 24 4
100 41 47 46 24 16
61 47 46 24 2
39 35 49 46 24 1
65 46 24 16
39 35 49 47 14
55 40 49 47 4
61 47 49 47 8
53 52 51 8 31
53 51 8 7
53 30 83
100 41 54 19 13
158 54 19 43
55 48 90
55 57 7 2
37 36 56 57 7 4
55 58 57 7 8
61 50 116
62 66 87
61 64 9 43
65 63 91
67 58 68
70 69 75
55 40 71 53 16
16 72 71 53 10
70 72 71 53 7
73 44 84
73 76 75 77 36 13
78 75 77 36 23
78 77 36 48
65 84 129 77 36 7
78 60 63
90 87 65 21
62 59 88 89 43 25
122 89 43 26
90 27 102
8 9 95 92 91 29 1
8 9 95 91 29 2
11 9 95 91 29 27
11 13 17 95 91 29 1
100 41 93 33 15
55 93 33 7
70 81 93 33 12
11 13 17 95 93 33 11
55 56 94 52 9
11 13 17 95 92 94 52 1
73 13 17 95 92 94 52 12
16 15 17 95 93 94 52 4
16 17 95 93 94 52 3
16 17 95 94 52 2
67 42 95 94 52 7
70 81 95 94 52 3
119 95 94 52 10
100 98 51 19
101 98 51 42
100 41 196
101 40 107
37 103 59 4
104 103 59 42
104 34 133
5 112 110 3 6
100 3 113 110 3 1
5 112 111 20 23
100 3 113 111 20 8
11 105 3 113 111 20 2
11 105 3 113 37 6
65 46 113 37 13
55 113 37 13
153 80 113 37 22
5 112 113 37 10
115 25 85
117 67 102
67 0 118 21 7
70 118 21 1
115 114 118 21 8
115 118 21 38
115 116 118 21 2
119 5 118
122 22 83
67 123 0 37
124 123 0 2
124 2 83
5 126 54 49
100 22 126 54 7
124 126 54 17
65 84 129 49 5
153 84 129 49 27
30 85 129 49 27
65 85 129 49 8
65 85 131 64 21
141 85 131 64 1
11 1 132 131 64 11
67 0 48 133 131 64 2
67 0 48 133 39 5
30 48 133 39 27
153 84 133 39 20
11 1 132 133 39 3
55 40 132 133 39 2
70 40 132 133 39 1
67 0 134 6 9
37 38 134 6 7
62 151 38 134 6 7
70 40 132 134 6 7
119 40 132 134 6 2
119 40 44 135 57 22
30 48 135 57 8
141 85 135 57 11
117 135 57 7
100 41 137 135 57 6
141 41 137 135 57 6
141 85 137 135 57 5
11 1 25 136 23 1
16 1 25 136 23 7
100 83 25 136 23 5
119 136 23 8
141 85 137 136 23 4
70 81 139 136 23 16
70 72 71 138 42 3
73 72 71 138 42 22
141 85 137 138 42 11
62 151 137 138 42 3
70 81 139 138 42 11
143 139 138 42 18
141 68 119
143 12 101
145 55 78
11 105 82 86 146 71 23
141 86 146 71 15
11 105 146 71 7
101 105 146 71 26
104 105 146 71 8
55 26 147 15 4
70 147 15 5
16 1 149 147 15 2
16 1 149 14 10
100 149 14 26
16 17 152 45 28
62 151 152 45 11
153 152 45 40
153 35 137
30 154 31 15
67 0 97 96 154 31 7
100 155 154 31 23
158 157 18 23
62 151 137 156 159 157 18 18
158 156 159 157 18 1
158 17 87
