170

4 2 17 42
28 2 17 15
0 3 7 18
112 3 7 26
146 3 7 43
4 69 53
0 5 63 31
28 31 5 63 7
0 150 5 63 25
146 150 5 63 5
7 19 78
7 8 36 30
7 10 8 36 5
7 10 62 40
126 84 12 11 60 12
126 84 12 13 11 60 11
0 73 11 60 13
70 24 115 11 60 2
126 84 115 11 60 18
128 84 115 11 60 2
114 115 11 60 7
0 14 21 27
4 14 21 30
56 14 21 4
15 41 174
70 24 16 51 21
55 16 51 24
18 59 100
28 27 3 32
28 29 27 3 14
28 31 27 3 4
109 83 31 27 3 1
15 86 27 3 3
80 86 27 3 24
28 42 125
34 45 115
67 21 38 39 53 32
0 40 39 53 19
67 62 39 53 15
109 83 105 39 53 5
43 42 10 23
43 44 42 10 8
34 85 135 44 42 10 2
128 42 10 14
43 18 119
28 23 45 54 21
56 37 45 54 2
43 45 54 11
34 32 46 45 54 12
67 62 65 46 45 54 15
141 65 46 45 54 1
47 11 102
48 61 97
52 51 14 17
52 1 61
55 70 98
56 20 98
56 58 58 2
70 58 58 33
52 59 55 9
128 84 59 55 8
131 84 59 55 6
88 59 55 22
123 59 55 41
67 62 64 35 7
67 63 64 35 17
67 64 35 25
34 85 64 35 21
67 47 186
0 22 69 26 12
47 22 69 26 23
70 69 26 30
70 56 147
0 73 72 29 9
100 82 72 29 17
118 72 29 32
158 159 74 40 18
34 35 25 75 12 16
47 25 75 12 22
158 104 103 25 75 12 9
128 25 75 12 3
126 125 75 12 7
130 125 75 12 1
0 73 76 44 25
18 78 76 44 24
128 25 77 15 17
34 32 151 25 77 15 2
18 78 77 15 21
95 81 78 77 15 10
34 85 129 77 15 3
80 87 66 19
80 86 87 66 2
95 81 86 87 66 15
112 86 87 66 10
88 90 87 66 16
88 43 52
80 89 6 30
91 89 6 11
91 9 67
80 92 25 30
95 68 124
96 4 93
96 98 48 35
96 97 98 48 17
100 16 203
0 1 101 71 3
15 101 71 13
141 65 101 71 2
100 101 71 33
109 83 105 101 71 12
146 105 101 71 21
109 31 143
112 65 128
80 113 57 48
109 113 57 1
112 113 57 28
114 67 150
118 34 127
123 64 92
126 46 126
88 90 127 28 7
128 127 28 1
34 85 129 127 28 1
109 83 85 129 127 28 2
130 127 28 8
131 127 28 48
128 24 90
109 83 85 129 13 1
141 85 129 13 3
128 129 13 1
131 129 13 36
130 37 100
131 50 104
48 133 23 33
0 1 132 133 23 5
28 29 1 132 133 23 8
96 132 133 23 3
114 132 133 23 9
128 42 134 32 21
149 42 134 32 2
131 84 134 32 14
114 132 134 32 4
28 29 136 2 24
114 119 136 2 5
28 23 137 136 2 19
80 23 137 136 2 2
141 85 135 137 136 2 16
109 83 139 137 136 2 1
128 71 138 8 9
141 85 138 8 7
141 85 135 138 8 8
118 117 135 138 8 6
109 83 139 137 138 8 8
141 140 22 41
141 30 102
141 142 27 45
95 81 143 39 17
96 81 143 39 5
141 85 143 39 16
146 49 140
28 29 30 147 33 2
80 29 30 147 33 17
67 30 147 33 8
70 147 33 9
149 5 105
100 155 38 2
146 150 155 38 39
157 155 38 32
157 0 104
158 52 66
