143

4 3 114
4 6 60 19
75 6 60 33
8 7 35 2
15 59 7 35 20
8 19 104
11 9 34 47
10 12 9 34 9
10 65 89
11 69 49
15 40 139
17 0 93
44 2 22 52 3
149 2 22 52 10
4 3 23 62 1
149 2 22 23 62 3
17 16 52 24 23 62 1
62 110 24 23 62 11
119 110 24 23 62 14
109 53 23 62 1
25 2 179
26 27 98
26 28 50 49
29 28 50 24
29 26 145
8 0 32 33 20
35 33 43 25
8 0 34 24 1
8 0 32 34 24 1
35 33 34 24 1
42 34 24 7
15 59 51 34 24 3
90 59 51 34 24 15
91 51 34 24 24
109 53 34 24 4
35 45 157
109 58 56 40 44 40
42 28 60
42 43 6 36
109 43 6 4
44 38 68
62 49 48 47 66 5
62 49 47 66 7
57 18 85
62 1 110
63 20 90
8 68 67 49 19
142 112 68 67 49 3
70 67 49 38
91 51 69 9 14
70 67 69 9 3
70 69 9 14
149 73 143 69 9 2
70 36 95
8 0 31 74 17 10
62 0 31 74 17 2
35 31 74 17 8
120 31 74 17 2
109 53 74 17 8
130 129 74 17 19
75 67 92
76 30 83
76 78 22 10
76 77 78 22 4
126 78 22 28
91 51 79 80 53 1
44 64 79 80 53 3
81 79 80 53 10
81 80 53 44
81 63 54
81 79 82 71 26
81 82 71 3
85 61 76
85 87 14 7
109 58 50 86 87 14 3
70 50 86 87 14 2
154 113 83 86 87 14 4
90 39 75
91 32 82
102 68 80
103 51 84
10 55 106 16 19
10 55 107 11 23
109 53 55 107 11 4
109 107 11 12
102 108 70 20
109 108 70 15
146 108 70 3
109 25 58
119 110 96 117 115 54 8
118 115 54 26
142 115 54 16
118 31 83
119 13 88
120 37 92
119 122 5 7
120 122 5 26
119 121 122 5 16
17 16 52 123 59 13
85 123 59 9
126 29 97
4 127 64 36
109 53 55 127 64 5
147 53 55 127 64 15
130 56 101
118 131 23 19
130 131 23 41
154 113 132 42 1
130 129 132 42 17
142 129 132 42 3
130 132 42 1
135 4 72
142 112 136 7 4
118 136 7 24
153 112 137 136 7 7
139 138 136 7 1
62 0 140 138 136 7 2
142 138 136 7 22
154 156 138 136 7 6
139 136 7 16
141 136 7 11
142 136 7 24
153 112 137 46 2
62 0 140 137 46 3
142 140 137 46 31
142 137 46 43
139 15 115
141 58 60
142 48 111
147 53 144 55 11
142 140 144 55 9
146 144 55 11
146 57 99
147 21 137
25 148 12 7
147 148 12 44
149 47 131
153 8 68
154 41 80
102 114 155 10 5
130 155 10 14
154 155 10 15
154 156 155 10 21
