150

4 47 73
20 9 8 54 21
57 8 54 2
11 15 61
17 42 194
17 18 29 45
20 18 29 11
20 18 170
22 4 115
25 8 200
30 26 85
108 91 3 31 9 7
11 150 31 9 38
89 150 31 9 4
36 32 38 48
36 3 122
37 27 95
46 45 66 31
135 45 66 4
46 50 83
97 2 48 21 3
11 14 47 48 21 1
66 47 48 21 21
57 48 21 33
49 35 130
36 35 50 13 15
49 50 13 28
46 40 51 71 12
72 40 51 71 4
49 50 51 71 2
54 11 73
56 56 163
57 53 113
57 33 58 52 18
57 59 59 21
155 21 71 59 59 1
61 92 105 59 59 3
66 92 105 59 59 2
103 105 59 59 21
106 105 59 59 20
60 48 98
61 37 62
126 5 0 63 6 16
57 41 63 6 26
60 63 6 28
72 40 65 55 17
57 41 65 55 7
66 41 65 55 3
66 70 94
66 67 49 35
66 68 67 49 12
69 14 73
72 17 76
126 5 7 73 75 61 12
57 16 73 75 61 1
72 73 75 61 8
72 73 74 75 61 1
155 21 71 76 75 61 1
72 76 75 61 14
126 125 76 75 61 1
37 42 77 75 61 11
159 75 61 4
37 42 77 65 12
72 77 65 21
72 73 74 77 65 22
37 42 78 62 21
17 44 42 78 62 4
89 42 78 62 5
20 79 68 31
61 79 68 11
81 36 101
83 58 97
81 84 10 30
85 84 10 49
85 16 103
56 87 45 30
89 87 45 35
57 16 90 87 45 3
89 44 192
97 39 94
57 16 90 98 23 8
61 94 90 98 23 8
61 94 90 99 25 4
97 2 100 99 25 4
155 100 99 25 1
11 1 101 99 25 9
128 1 101 99 25 10
17 101 99 25 5
103 46 134
106 64 118
135 140 104 107 20 14
106 107 20 38
108 67 80
114 41 103
57 33 120 31 2
108 91 120 31 5
126 125 91 120 31 10
66 92 121 120 31 6
66 92 121 2 15
61 94 92 121 2 27
123 32 79
123 122 124 69 2
126 124 69 6
126 24 168
61 94 92 127 0 9
155 92 127 0 2
128 127 0 13
128 22 145
97 2 129 30 1
61 94 129 30 1
97 129 30 12
135 136 119 129 30 3
155 129 30 28
131 34 55
128 38 134 57 6
128 93 134 57 31
49 133 132 134 57 2
135 5 101
137 40 74
139 51 119
97 2 142 43 19
155 21 71 142 43 4
61 94 142 43 1
89 150 142 43 4
20 144 60 2
135 140 144 60 12
36 145 144 60 10
147 145 144 60 7
147 144 60 14
17 44 148 144 60 4
147 7 85
17 44 148 12 2
106 148 12 14
135 140 148 12 2
147 148 12 30
22 149 1 39
114 112 95 149 1 1
155 100 149 1 10
20 9 109 149 1 2
66 9 109 149 1 12
155 21 109 149 1 5
155 92 109 149 1 1
108 109 149 1 1
155 63 100
61 79 80 157 33 13
30 154 157 33 6
155 157 33 8
54 55 158 19 4
159 158 19 27
159 28 40
