169

6 33 108
8 56 146
6 1 10 70 13
12 10 70 7
40 61 106 10 70 26
84 61 106 10 70 1
149 147 106 10 70 8
12 11 40 8
102 16 11 40 15
12 14 103
15 14 13 24 2
15 13 24 39
102 16 13 24 11
90 93 116 13 24 12
15 28 132
63 0 17 67 6
38 2 31 53 17 67 8
71 31 53 17 67 2
105 103 17 67 8
107 131 103 17 67 18
71 20 21 61 13
59 21 61 27
90 21 61 18
127 21 61 39
150 21 61 3
3 23 18 5
6 26 25 23 18 18
90 93 26 25 23 18 4
38 2 28 21 13
66 2 28 21 1
149 147 28 21 8
150 147 28 21 11
84 61 30 33 42 33
6 1 62 33 42 4
54 35 34 71 4
90 36 34 71 11
38 55 217
38 39 17 28
38 42 39 17 7
90 104 39 17 3
105 104 39 17 1
127 104 39 17 11
126 123 39 17 3
40 23 158
38 41 58 11
40 41 58 5
66 69 41 58 9
38 42 19 39
136 42 19 41
54 32 43 46 3
54 35 43 46 7
114 44 43 46 10
82 57 50 49 47 48 10 11
82 57 50 48 10 20
66 69 41 51 16 6
54 32 52 51 16 5
159 158 52 51 16 32
66 51 16 13
71 31 53 4 16
90 93 53 4 10
114 53 4 22
54 50 118
54 32 58 55 57 2
59 58 55 57 16
59 55 57 34
59 56 26 27
71 56 26 25
59 34 99
63 9 195
64 15 145
66 59 249
84 61 30 68 2 4
114 30 68 2 13
64 68 2 39
66 69 67 68 2 1
114 93 26 70 5 3
129 93 26 70 5 6
71 31 70 5 1
84 61 60 70 5 5
90 61 60 70 5 3
90 95 70 5 19
159 96 95 70 5 4
71 44 188
63 0 74 39 4
12 74 39 23
59 77 74 39 33
90 61 60 75 66 1
159 75 66 27
78 79 60 29
78 81 79 60 3
82 79 60 28
90 79 60 1
78 80 65 38
78 81 80 65 17
82 81 80 65 3
82 64 37
84 36 95
84 85 3 22
90 94 89 87 47 4
127 94 89 87 47 11
120 89 87 47 22
90 87 47 43
97 62 40
90 98 35 24
97 98 35 9
127 98 35 23
120 130 98 35 11
101 99 38 44
102 99 38 3
101 100 32 32
102 100 32 6
101 51 155
102 52 122
105 31 168
126 109 41 13
90 61 110 11 37
66 2 92 110 11 20
129 93 110 11 9
150 110 11 21
114 13 114
6 1 62 115 6 16
119 117 115 6 1
119 115 6 47
97 133 115 6 9
40 135 133 115 6 5
129 93 116 43 29
119 116 43 24
120 116 43 2
119 37 103
120 12 68
125 122 69 31
82 57 124 49 2
127 94 124 49 9
125 124 49 20
126 124 49 19
125 7 69
126 68 98
127 8 61
129 22 62
136 45 102
140 53 111
141 29 106
140 144 30 41
141 145 144 30 2
38 146 1 24
107 113 146 1 5
114 113 146 1 13
141 145 146 1 6
71 148 63 31
149 148 63 17
150 148 63 20
149 27 76
150 0 68
6 1 29 154 48 1
6 1 62 154 48 1
102 16 62 154 48 2
97 154 48 39
127 94 152 154 48 1
102 16 153 152 154 48 11
71 31 155 20 11
120 31 155 20 8
66 2 92 155 20 17
101 155 20 6
120 130 155 20 19
102 16 153 152 155 20 3
129 142 153 152 155 20 6
129 142 153 155 20 8
140 138 156 25 24
159 54 72
