151

109 8 7 8 21
9 7 8 24
37 0 56 7 8 10
9 46 76
10 0 74
12 9 83
12 14 29 16
15 51 159
16 65 234
17 13 174
19 70 159
128 1 23 45 20
90 86 23 45 10
128 1 24 49 21
148 149 1 24 49 20
16 24 49 7
16 80 84 26 24 49 5
100 34 24 49 6
143 83 24 49 7
27 53 103
29 28 61 45
146 28 61 25
29 15 121
37 35 55 30
37 26 151
37 38 12 30
29 150 38 12 18
37 0 40 28 2
100 30 40 28 3
100 34 40 28 16
41 38 107
42 50 116
43 71 95
42 44 24 22
43 44 24 6
137 32 45 5 10
37 45 5 14
37 0 48 47 52 10
29 48 47 52 6
49 47 52 22
49 50 47 52 19
37 0 56 47 52 4
15 56 47 52 12
49 20 122
12 13 51 62 3
49 50 48 51 62 29
49 51 62 21
43 53 43 46
37 33 58 60 9
29 150 60 58 60 21
63 6 92
64 47 93
63 67 14 13
64 67 14 34
16 80 84 67 14 4
37 33 68 40 3
41 33 68 40 24
43 68 40 28
63 68 40 15
64 68 40 6
29 2 69 66 28
43 151 2 69 66 13
29 150 159 74 75 21 1
100 155 159 74 75 21 11
19 81 82 125 75 21 6
90 86 82 125 75 21 5
126 125 75 21 3
129 77 23 32
29 150 52 59 88 87 39 7
64 66 62 59 88 87 39 7
89 87 39 34
90 87 39 25
89 33 67
90 22 93
100 30 93 92 34 25
128 30 93 92 34 6
95 92 34 29
95 63 139
15 56 4 96 19 19
129 97 96 19 17
126 127 98 96 19 3
128 127 98 96 19 6
29 154 96 19 6
16 80 154 96 19 1
100 35 191
103 16 69
109 106 107 67 9
130 106 107 67 1
109 107 67 33
109 56 136
16 80 113 110 2 34
89 80 113 110 2 8
129 119 115 110 2 6
15 56 4 112 25 14
146 4 112 25 24
90 86 112 25 13
130 106 112 25 9
89 80 114 111 112 25 2
89 80 113 112 25 6
146 145 112 25 1
37 120 69 2
90 86 82 120 69 21
143 83 120 69 5
29 85 123 121 124 3 9
89 122 124 3 7
29 85 123 124 3 1
126 18 154
128 37 154
129 58 87
130 32 73
130 131 1 38
41 33 132 131 1 8
41 33 132 10 4
130 33 132 10 27
89 80 84 133 41 3
130 84 133 41 23
137 133 41 13
42 134 54 20
130 84 134 54 9
135 134 54 15
137 136 134 54 2
137 134 54 14
135 31 98
137 17 87
128 71 138 59 10
148 149 1 139 4 21
29 85 139 4 14
143 139 4 7
148 140 36 44
130 106 65 141 11 5
29 85 141 11 7
143 141 11 33
143 48 67
146 145 44 37
146 42 92
100 34 118 70 147 64 1
148 70 147 64 8
146 144 147 64 29
146 147 64 22
148 57 130
16 153 27 31
49 31 153 27 3
100 34 153 27 27
29 150 153 27 3
100 155 68 19
129 155 68 14
158 155 68 29
158 157 7 11
158 155 159 157 7 13
158 159 157 7 5
158 30 60
