528

12 10 48 28
12 68 30
13 308 46
14 179 64
608 3 15 104 23
14 15 104 9
101 100 15 104 4
461 177 15 104 19
16 122 156
16 17 267 13
461 530 17 267 32
520 530 17 267 10
607 17 267 1
140 18 134 3
382 18 134 49
555 18 134 4
22 295 49
23 65 66
428 24 326 19
784 24 326 3
25 317 176
4 30 174 34
520 104 30 174 2
278 273 30 174 3
540 273 30 174 5
32 279 131
33 354 116
34 204 134
35 357 117
349 37 38 55 13
39 272 81
47 88 130
349 37 38 48 228 14
47 45 48 228 13
47 46 48 228 21
47 48 228 15
49 191 42
51 196 180
52 26 133
54 135 66
74 57 309 41
197 57 309 12
58 351 257
59 353 184
59 61 125 34
63 61 125 36
204 61 125 7
63 337 117
69 16 54
77 153 95
82 81 62 7
766 81 62 16
82 99 110
83 188 75
59 84 312 14
86 84 312 44
526 84 312 41
87 85 18 40
725 85 18 24
86 298 122
87 73 71
93 327 64
94 119 126
95 23 77
96 321 73
74 97 76 2
95 97 76 16
101 214 114
103 137 92
109 110 107 66 26
619 110 107 66 8
109 291 87
114 274 44
419 115 330 38
790 789 115 330 2
118 345 85
119 208 200
118 120 13 42
122 211 47
125 78 119
127 192 127
127 128 67 43
129 59 246
129 126 131 181 3
127 131 181 10
127 128 131 181 5
129 131 181 23
136 134 237 42
136 161 49
47 137 297 23
626 137 297 21
138 182 71
550 146 147 288 19
140 148 147 288 9
150 190 62
151 270 62
142 153 152 236 12
502 154 153 152 236 9
502 154 152 236 20
2 1 0 155 152 236 2
450 0 155 152 236 5
450 0 155 109 3
502 154 153 155 109 2
502 154 155 109 3
686 155 109 17
161 254 77
162 1 33
166 338 72
140 143 167 144 27
648 143 167 144 1
450 168 92 35
412 170 169 251 9
23 603 169 251 11
608 603 169 251 2
637 603 169 251 34
171 36 69
82 173 107 13
138 173 107 11
93 314 173 107 20
648 143 174 224 9
93 314 173 174 224 5
176 276 148
178 17 70
179 259 115
180 215 50
204 61 182 212 3
142 144 182 212 14
464 144 182 212 2
431 182 212 8
183 79 113
185 221 163
187 278 125
188 117 127
193 169 37
405 192 191 195 329 5
193 191 195 329 8
405 192 195 329 9
193 195 329 8
193 194 195 329 5
197 33 105
198 195 118
207 164 85
208 209 105
208 209 103 21
211 209 103 35
211 306 60
218 163 122
222 217 219 145 11
218 219 145 5
140 215 221 219 145 21
218 220 260 5
140 215 221 219 220 260 10
222 220 260 39
540 273 276 220 260 2
278 276 220 260 14
222 37 92
202 223 224 203 8
399 223 224 203 6
59 225 302 26
537 225 302 24
269 226 74 7
463 226 74 28
202 227 86 30
233 227 86 5
140 232 285 14
233 230 228 232 285 2
233 230 231 232 285 21
233 232 285 17
233 155 190
204 203 234 171 5
285 235 101 2
567 235 101 25
236 5 59
240 238 187 32
240 168 158
243 252 67
247 245 105 6
248 245 105 40
441 245 105 24
502 245 105 34
246 54 80
247 313 117
248 253 65
249 47 70
240 239 250 178 7
249 250 178 24
118 251 250 178 2
118 251 146 12
204 205 251 146 8
249 251 146 3
34 606 251 146 39
704 251 146 18
254 231 101
202 256 202 10
206 256 202 16
260 333 109
261 91 185
262 344 60
263 322 62
264 242 154
265 39 157
470 268 267 89 4
269 267 89 23
269 150 57
285 227 90
287 250 57
285 288 156 23
285 286 288 156 13
461 288 156 18
278 270 289 106 9
207 40 290 126 5
278 270 290 126 2
450 290 126 15
637 603 290 126 5
292 175 88
292 293 301 35
338 293 301 27
464 390 295 296 22 2
278 270 297 296 22 9
767 299 296 22 13
472 474 296 22 9
306 341 64
308 319 110
308 312 53 15
140 310 312 53 13
733 325 311 312 53 6
254 313 56 32
317 177 100
318 277 53
204 323 322 284 12
324 257 154
324 326 230 45
431 328 82 21
648 328 82 46
329 93 76
330 160 84
540 332 333 238 23
233 635 332 333 238 1
634 635 332 333 238 3
337 6 58
338 31 67
339 142 158
343 265 62
479 344 345 271 1
349 346 345 271 29
464 348 345 271 6
349 345 271 25
349 29 134
461 350 8 9
514 512 350 8 2
526 511 515 512 350 8 3
540 350 8 25
694 355 296 26
278 276 357 359 42 10
711 710 358 359 42 2
713 710 358 359 42 3
142 360 198 42
790 360 198 9
278 370 369 165 7
737 456 9 8 573 369 165 2
393 414 754 8 573 369 165 4
756 754 8 573 369 165 5
204 205 573 369 165 5
568 575 573 369 165 2
374 261 97
375 328 158
69 378 128 40
379 378 128 24
464 390 378 128 5
540 378 128 29
379 201 39
380 28 97
382 247 51
383 90 57
384 210 83
384 385 170 38
386 315 133
388 335 61
398 112 39
399 140 52
464 390 400 350 5
472 476 400 350 20
401 320 88
402 352 224
405 183 106
243 409 243 42
204 410 411 127 11
412 194 93
413 283 106
233 228 416 2 21
393 415 416 2 21
450 406 418 34 10
719 721 418 34 17
419 304 169
421 273 33
422 264 100
423 173 61
425 41 131
426 60 42
428 427 94 13
428 262 95
429 355 50
430 193 121
431 100 48
395 433 96 7
702 433 96 29
395 436 147 15
437 436 147 19
437 241 61
438 286 66
439 69 70
440 61 92
441 240 52
443 102 69
395 445 186 24
550 146 446 275 22
526 446 275 10
395 447 200 3
395 448 449 24 25
450 222 107
453 10 94
458 85 87
466 217 78
468 51 74
343 469 305 14
470 469 305 40
470 294 80
471 311 123
472 70 97
475 44 193
479 478 303 15
479 35 92
461 480 0 23
482 149 50
483 334 80
593 484 123 20
375 485 486 299 18
504 486 299 19
463 490 118 10
641 490 118 23
463 491 492 158 5
236 493 492 158 3
463 491 493 492 158 3
463 491 493 244 16
463 494 116 8
495 20 44
497 25 44
498 9 66
501 356 108
502 19 75
504 32 67
508 218 68
514 216 46
641 518 519 136 2
2 532 113 19
767 532 113 2
533 343 56
533 534 129 15
533 535 534 129 2
533 536 534 129 16
537 332 112
537 538 95 27
269 539 538 95 5
537 539 538 95 2
540 121 93
541 154 78
543 347 53
546 268 61
548 38 119
550 138 106
555 225 100
556 346 106
559 4 43
563 281 48
565 564 21 43
757 564 21 17
565 269 36
566 40 94
567 115 43
568 162 83
576 289 38
579 307 57
580 206 140
725 391 584 52 8
526 584 52 42
527 585 586 30 2
587 318 113
589 588 199 17
590 588 199 12
589 287 146
590 11 102
593 232 49
597 595 45 42
598 595 45 21
597 596 207 38
598 596 207 10
597 290 218
598 359 52
613 612 111 37
613 314 50
614 27 42
617 72 69
619 618 120 34
619 124 247
623 622 339 45
623 84 87
624 151 60
464 348 529 625 143 1
464 390 528 529 625 143 8
608 390 528 529 625 143 12
520 530 529 625 143 6
626 625 143 16
626 83 32
627 180 63
629 255 129
631 325 133
633 131 166
634 246 106
2 1 638 256 6
637 638 256 27
641 184 243
642 133 103
604 644 645 348 2
646 213 89
648 205 59
653 49 126
655 64 67
655 656 3 21
74 663 248 48
233 663 248 30
559 663 248 6
34 606 663 248 5
601 606 663 248 7
664 233 52
604 600 665 239 32
608 669 166 13
614 669 166 15
463 668 669 166 26
633 670 263 2
86 671 670 263 2
461 672 670 263 5
608 672 670 263 5
729 670 263 35
674 57 75
675 157 98
679 176 84
679 682 159 26
608 680 682 159 5
318 681 682 159 11
685 141 48
686 98 80
601 609 691 324 29
694 691 324 10
694 245 115
697 695 229 16
696 336 112
697 249 51
637 603 169 699 87 3
601 609 698 699 87 3
604 609 698 699 87 11
711 293 128
711 712 235 35
713 712 235 11
711 714 712 235 3
713 46 171
204 717 316 13
278 270 274 353 594 717 316 1
566 274 353 594 717 316 12
702 700 717 316 3
718 340 49
719 349 54
722 132 63
725 189 79
702 700 726 197 3
725 726 197 17
778 726 197 28
729 139 98
386 732 292 9
733 732 292 17
733 358 52
737 223 117
738 167 124
383 279 741 58 16
704 703 741 58 6
742 741 58 26
742 148 113
744 323 58
799 600 111 746 63 18
704 747 746 63 13
607 558 748 310 11
704 747 748 310 5
2 749 75 40
69 749 75 10
119 749 75 34
750 749 75 2
750 185 139
751 80 80
756 755 50 38
756 342 63
757 130 138
758 7 37
51 762 764 114 17
161 762 764 114 6
278 372 763 764 114 11
702 705 763 764 114 4
766 765 266 22
766 219 27
767 300 93
198 769 280 48
767 769 280 19
770 220 106
771 282 61
774 258 103
775 331 54
776 43 98
127 777 234 22
778 71 59
780 108 98
781 152 91
784 172 142
786 97 138
787 81 84
790 788 15 14
790 12 129
791 14 65
792 110 72
797 226 55
799 77 97
