739

202 7 159 25
14 461 7 159 3
611 7 159 36
675 357 351 5 10 188 4
707 351 5 10 188 26
144 142 6 10 188 1
634 11 12 34 11
757 704 11 12 34 8
129 12 34 11
548 12 34 50
14 73 155
14 16 247 10
17 16 247 2
19 16 247 3
17 20 16 247 25
17 18 20 16 247 15
144 16 247 5
387 16 247 2
127 556 16 247 2
17 176 163
19 74 86
50 23 22 25 180 4
707 23 22 25 180 3
711 23 22 25 180 2
426 22 25 180 5
711 23 25 180 33
242 25 180 2
70 290 298 25 180 22
297 298 25 180 1
424 26 115 37
278 217 713 26 115 14
660 662 27 98 23
375 705 28 183 2
381 559 705 28 183 5
164 619 705 28 183 3
742 703 705 28 183 4
707 702 709 705 28 183 2
757 704 709 705 28 183 3
765 705 28 183 7
29 9 63
126 31 79 48
186 31 79 4
668 31 79 8
32 264 75
35 119 96
542 40 164 23
74 630 40 164 31
43 41 42 195 9
14 145 716 319 42 195 6
43 354 178
44 154 38
35 34 36 46 55 8
35 36 46 55 3
44 46 55 22
59 2 128
59 62 63 263 19
499 63 263 29
724 725 63 263 5
50 69 204 31
278 217 697 69 204 4
335 380 217 697 69 204 8
70 126 73
74 71 72 113 8
50 51 73 72 113 6
74 72 113 21
50 51 73 335 12
74 71 73 335 5
74 73 335 40
74 206 97
50 51 75 50 19
400 79 109 11
82 81 312 35
82 301 123
671 83 214 8
760 83 214 6
86 85 84 227 19
86 84 227 20
760 83 213 84 227 6
719 210 213 84 227 4
86 277 67
89 87 181 28
89 91 87 181 2
89 90 88 134 24
89 91 90 88 134 5
89 91 88 134 22
89 314 132
50 93 294 29
50 56 52 93 294 2
663 94 93 294 5
310 93 294 36
50 56 52 95 5 19
96 95 5 21
166 95 5 1
548 95 5 19
96 230 38
50 98 255 3
50 53 98 255 2
59 98 255 22
178 100 98 255 19
203 98 255 3
103 101 347 28
178 182 101 347 3
243 101 347 9
243 101 102 350 31
103 102 350 5
320 102 350 9
742 102 350 18
103 38 84
50 54 108 107 88 4
43 659 107 88 11
50 54 108 318 7
144 214 211 488 108 318 4
144 489 488 108 318 5
491 490 488 108 318 8
138 109 157 10
475 536 109 157 1
718 536 109 157 19
111 110 78 6
112 110 78 28
111 4 63
112 58 34
111 113 317 3
112 113 317 30
416 417 115 116 51 14
791 789 115 116 51 2
50 56 776 116 51 1
646 56 776 116 51 11
757 704 709 776 116 51 3
120 349 65
632 118 121 291 19
120 119 121 291 21
124 122 10 39
520 125 122 10 2
124 75 162
126 110 68
127 60 60
35 128 144 33
129 128 144 2
129 47 73
50 53 58 131 182 5
385 53 58 131 182 8
278 58 131 182 2
271 305 306 58 131 182 24
238 610 132 131 182 4
346 554 131 182 3
50 133 332 12
271 305 306 58 133 332 3
611 133 332 40
43 41 134 211 23
187 41 134 211 4
161 141 140 134 211 5
144 140 134 211 4
757 146 140 134 211 2
426 750 140 134 211 1
144 214 212 215 134 211 3
137 135 104 26
138 135 104 47
137 177 88
138 42 114
147 355 70
82 151 26 14
679 151 26 28
161 141 152 222 25
161 141 155 154 71 6
161 141 155 240 13
503 501 155 240 7
611 616 158 137 10
751 616 158 137 4
707 158 137 24
254 159 89 45
161 336 59
164 0 97
166 193 123
167 201 135
335 380 169 168 135 5
641 169 168 135 4
50 55 170 168 135 4
641 169 170 168 135 5
641 169 171 170 168 135 9
144 214 230 170 168 135 4
641 169 171 168 135 2
70 290 294 170 132 1
463 291 294 170 132 4
43 292 294 170 132 4
499 170 132 26
82 174 141 47
175 116 60
175 176 285 16
370 176 285 32
542 706 176 285 9
707 706 176 285 6
774 176 285 19
178 289 140
178 179 96 43
112 606 419 179 96 5
685 67 65 68 183 184 107 16
757 704 65 68 183 184 107 1
784 143 185 184 107 3
32 355 356 184 107 13
641 355 356 184 107 12
653 356 184 107 6
784 143 185 120 7
584 618 185 120 16
617 618 185 120 19
186 33 94
187 304 113
186 188 87 4
187 188 87 19
503 188 87 41
32 189 253 5
144 189 253 11
187 189 253 47
144 190 279 39
144 190 191 61 2
426 389 293 317 191 61 4
194 146 128
144 195 235 9
196 197 195 235 22
196 7 28
198 152 94
198 200 27 9
198 201 199 200 27 5
202 200 27 45
203 200 27 4
203 16 110
205 251 106
464 207 3 14
475 350 15 208 48 25
757 146 208 48 27
497 631 208 48 1
218 324 52
227 223 103 46
587 583 223 103 7
267 224 226 189 13
227 226 189 32
227 70 54
326 421 353 228 83 4
632 353 228 83 20
144 214 230 45 7
338 230 45 22
144 214 211 233 76 5
402 211 233 76 3
234 235 233 76 11
663 235 233 76 21
234 272 84
238 237 121 12
275 237 121 38
238 205 93
242 241 219 15
252 241 219 38
542 546 241 219 9
548 546 241 219 28
242 233 166
243 82 83
757 247 245 114 6
409 408 407 245 114 4
765 705 245 114 5
757 704 65 246 288 6
335 380 217 248 123 4
338 249 248 123 5
252 248 123 39
242 244 582 248 123 7
370 591 248 123 1
592 591 248 123 1
252 19 94
254 175 63
259 231 51
263 13 126
263 264 35 29
268 266 306 38
529 266 306 16
267 359 77
268 339 60
270 269 80 12
271 269 80 46
270 226 100
271 356 92
617 618 216 272 239 6
275 272 239 46
275 149 63
617 618 216 276 277 270 6
774 2 527 277 270 14
520 523 527 277 270 11
278 29 99
281 279 105 41
17 3 38 280 241 1
198 201 38 280 241 2
795 57 280 241 20
281 280 241 9
671 455 280 241 4
281 30 113
281 279 282 344 7
281 282 344 25
202 770 282 344 4
286 40 72
124 123 287 14 2
520 125 123 287 14 9
286 287 14 14
288 287 14 29
286 289 287 14 6
707 287 14 5
288 333 93
297 296 136 12
297 298 296 136 4
297 250 52
617 613 303 301 95 2
668 613 303 301 95 1
103 304 301 95 27
474 301 95 39
642 301 95 23
308 331 107
310 128 64
43 292 313 334 6
86 312 313 334 23
14 145 716 319 318 20 4
320 318 20 49
321 318 20 1
320 292 72
321 179 111
326 323 262 35
326 326 69
43 292 294 327 348 5
326 294 327 348 11
238 610 294 327 348 15
238 315 327 348 4
328 52 81
328 329 163 17
330 329 163 33
330 298 72
137 45 331 259 8
328 331 259 14
330 331 259 19
400 331 259 41
402 332 333 300 16
756 333 300 7
144 214 212 215 799 333 300 2
757 247 212 215 799 333 300 3
263 212 215 799 333 300 12
506 799 333 300 2
334 303 84
335 194 86
336 341 114
338 187 97
336 295 342 57 1
144 142 344 342 57 7
346 344 342 57 27
795 344 342 57 2
346 342 57 8
346 242 74
349 323 96
475 350 359 43 10
363 361 310 25
363 21 55
370 366 364 257 5
370 367 364 257 4
14 145 716 367 364 257 1
383 0 368 364 257 2
370 366 368 364 257 1
370 369 368 364 257 11
370 368 364 257 1
370 369 364 257 14
370 364 257 1
370 366 129 24
370 238 96
375 199 74
375 377 297 11
660 378 376 377 297 21
660 378 377 297 5
381 215 69
383 274 187
707 351 384 97 4
383 384 97 1
385 384 97 20
263 386 384 97 1
385 319 56
263 386 63 7
383 386 63 12
385 386 63 19
387 386 63 9
387 192 84
423 395 394 165 2
17 396 394 165 12
423 395 186 40
326 396 269 42
587 583 396 269 11
397 66 118
400 358 91
402 203 99
409 408 234 34
409 125 82
59 62 411 208 4
525 62 411 208 18
409 408 411 208 5
409 411 208 11
646 56 516 411 208 2
742 514 516 411 208 3
413 130 123
413 414 6 31
415 414 6 15
416 414 6 12
415 92 106
416 353 103
423 220 161
424 232 51
426 124 92
426 427 142 3
594 593 427 142 12
675 357 428 210 5
103 304 430 428 210 7
254 684 428 210 7
784 428 210 39
43 4 432 62 24
334 283 285 432 62 2
760 432 62 6
238 239 433 260 14
70 290 433 260 4
234 431 433 260 16
166 162 435 342 25
375 435 342 14
496 436 435 342 1
438 439 435 342 5
438 437 218 22
463 467 437 218 9
463 465 467 437 218 2
757 467 437 218 8
438 167 129
124 440 448 127 7
707 701 448 127 38
234 450 329 21
383 0 451 160 36
575 445 441 452 1 10
320 446 441 452 1 15
632 118 453 454 39 6
575 445 453 454 39 3
795 454 39 17
671 455 457 54 31
14 145 251 456 457 54 8
671 455 458 457 54 3
592 591 517 512 458 457 54 2
529 512 458 457 54 5
617 618 512 458 457 54 2
459 327 68
463 462 184 30
463 465 462 184 12
466 462 184 26
463 100 124
464 221 135
466 213 84
270 469 320 13
400 470 469 320 19
499 498 443 470 469 320 2
50 55 117 473 59 3
286 473 59 2
474 444 473 59 3
491 444 473 59 20
474 275 108
475 357 90
44 480 266 6
668 666 480 266 8
35 34 481 131 3
144 34 481 131 15
267 481 131 21
491 444 481 131 13
482 77 163
482 487 56 3
745 316 484 487 56 6
482 484 487 56 34
491 490 488 286 6
491 488 286 24
328 635 488 286 15
144 489 315 16
491 489 315 40
641 489 315 1
491 90 66
238 492 494 295 4
506 494 295 37
496 495 11 11
496 18 77
497 84 55
499 302 68
500 248 118
503 252 168
505 32 145
506 229 45
507 117 115
520 328 163
520 522 148 31
520 521 522 148 13
525 524 337 5
525 307 127
17 3 340 528 139 11
336 340 528 139 1
338 337 340 528 139 10
336 341 340 528 139 8
187 526 528 139 16
529 345 165
525 106 537 316 15
238 610 623 106 537 316 1
755 622 623 106 537 316 4
144 214 537 316 19
330 534 537 316 17
227 538 133 16
675 357 519 538 133 14
383 510 519 538 133 2
520 510 519 538 133 14
96 607 608 519 538 133 14
632 681 538 133 6
541 36 70
542 202 131
548 338 147
346 347 549 93 3
542 549 93 11
548 546 545 549 93 8
548 549 93 36
742 703 549 93 15
751 703 549 93 7
552 550 268 16
147 551 223 10
466 551 223 3
742 514 551 223 4
552 551 223 30
552 49 90
742 514 553 94 25
346 554 553 94 9
346 554 172 1
43 352 554 172 25
505 554 172 28
127 556 321 13
557 556 321 20
617 556 321 46
557 72 135
288 515 562 258 12
742 514 515 562 258 1
50 564 563 283 4
242 244 566 563 283 18
187 41 567 563 283 4
50 564 565 178 4
187 41 567 565 178 27
757 565 178 27
742 514 515 568 145 8
17 518 568 145 6
742 514 516 518 568 145 1
576 516 518 568 145 18
570 569 236 30
459 708 569 236 16
570 225 65
576 573 574 122 31
575 574 122 22
576 574 122 9
575 91 86
576 209 127
576 577 200 13
632 118 48 578 69 5
242 257 578 69 2
43 352 578 69 15
400 352 578 69 2
500 578 69 24
660 662 579 330 2
791 579 330 23
43 292 581 580 280 33
308 292 581 580 280 1
242 244 582 580 280 17
584 313 138
587 282 59
592 591 589 212 1
592 589 212 19
592 191 78
594 156 61
349 595 25 1
594 593 595 25 10
594 595 25 18
194 599 271 16
520 523 599 271 27
474 598 600 599 271 11
43 659 599 271 1
474 598 600 290 12
268 609 207 2
96 607 605 609 207 1
112 606 609 207 7
96 607 609 207 26
96 624 102 26
625 86 57
137 626 147 11
520 510 626 147 10
238 610 626 147 12
707 706 627 228 23
267 629 293 36
482 486 629 293 2
632 629 293 14
632 112 70
634 346 87
17 3 99 636 23 1
124 440 636 23 1
271 440 636 23 37
638 351 72
642 640 41 24
643 640 41 47
129 758 640 41 7
641 64 176
642 174 62
643 162 93
161 644 28 36
646 645 644 28 2
646 644 28 4
281 648 644 28 7
646 216 123
651 37 42
653 652 190 38
653 655 652 190 5
653 305 64
632 353 654 151 6
529 654 151 35
653 654 151 20
653 656 224 4
653 655 656 224 5
660 81 165
611 661 46 11
43 659 661 46 3
660 661 46 16
660 662 661 46 10
663 661 46 31
663 299 119
205 299 664 108 37
668 198 65
670 169 69
671 171 86
43 672 254 42
137 45 672 254 3
646 56 672 254 4
671 672 254 30
675 85 85
463 291 193 676 53 2
271 440 676 53 1
617 612 676 53 35
617 612 614 676 53 2
675 614 676 53 10
50 54 677 22 13
592 54 677 22 1
320 446 441 677 22 14
464 677 22 18
459 678 340 14
464 677 678 340 1
587 583 677 678 340 14
679 322 63
254 684 99 29
611 615 684 99 14
687 684 99 16
685 118 52
685 686 12 25
687 686 12 16
687 158 63
438 354 692 267 11
402 692 267 11
529 692 267 22
617 695 143 33
50 64 696 695 143 3
198 64 696 695 143 4
218 222 220 696 695 143 4
271 305 306 696 695 143 1
500 696 695 143 9
576 574 698 287 19
617 618 699 698 287 9
70 290 710 311 8
711 710 311 35
711 281 80
711 712 284 22
668 300 714 111 22
14 145 716 714 111 9
718 717 65 7
719 717 65 39
718 246 92
719 166 76
416 721 276 5
381 720 721 276 23
482 722 197 9
724 722 197 3
724 725 722 197 13
724 273 70
795 57 729 728 261 4
218 222 220 219 729 728 261 4
270 220 219 729 728 261 7
424 730 15 11
731 309 141
731 735 243 23
731 734 735 243 12
739 738 173 1
741 738 173 30
742 738 173 26
739 68 146
741 31 92
742 256 155
745 185 101
751 343 150
753 265 70
755 24 73
756 325 81
757 245 72
474 759 150 18
525 759 150 22
557 759 150 42
760 161 88
760 761 67 35
660 378 377 763 138 4
363 508 763 138 15
638 509 508 763 138 3
745 316 740 764 217 17
765 308 49
767 140 90
767 769 244 46
202 770 155 17
707 770 155 43
771 770 155 46
771 17 72
385 53 511 773 8 22
254 256 511 773 8 6
576 516 511 773 8 2
592 773 8 15
774 773 8 7
774 296 73
671 673 39 775 44 1
144 142 775 44 6
774 775 44 31
127 777 352 9
370 366 779 778 777 352 2
780 778 777 352 4
370 366 779 777 352 6
780 779 777 352 21
780 777 352 3
780 778 170 43
780 237 94
784 153 104
791 249 127
791 793 196 34
795 106 106
795 796 101 4
797 796 101 8
797 168 92
506 799 278 13
617 799 278 16
