589

18 17 5 18
440 446 17 5 9
632 17 5 14
18 34 131
23 22 193 8
346 349 22 193 8
387 22 193 10
205 203 554 22 193 12
440 554 22 193 21
701 731 22 193 10
23 81 55
2 27 353 29
201 27 353 19
2 30 126 16
416 30 126 12
31 224 54
116 112 39 203 9
383 112 39 203 10
41 349 84
41 42 16 40
45 44 70
50 48 334 17
208 48 334 32
318 48 334 10
50 243 91
52 19 41
54 53 260 26
192 53 260 2
54 186 63
57 56 39 28
58 56 39 2
59 56 39 10
95 56 39 29
202 56 39 48
57 190 51
58 172 91
59 205 101
61 341 86
62 321 112
63 220 115
65 191 36
459 67 238 2
630 67 238 40
68 280 49
73 6 69 63 17
68 69 63 7
73 70 103 31
72 25 78
73 230 40
79 76 75 279 20
77 75 279 16
79 75 279 25
659 75 279 33
77 219 49
79 76 78 59 2
77 78 59 7
79 78 59 4
766 78 59 38
79 14 147
80 136 87
81 48 90
80 82 163 14
81 82 163 30
83 127 114
84 54 53
118 86 9 87 173 4
220 89 90 21 2
592 90 21 9
208 91 249 3
470 335 91 249 6
786 91 249 25
93 200 179
94 117 141
95 45 225
99 236 85
100 7 263
621 103 102 339 19
201 102 339 16
529 106 104 89 4
2 4 108 104 89 7
714 108 104 89 15
529 106 105 61 9
714 108 105 61 3
61 491 105 61 27
529 106 333 35
109 140 54
119 66 53
111 128 57 21
131 221 112
132 298 105
135 134 83
138 227 178
141 304 115
142 332 65
52 51 143 185 26
624 143 185 9
144 119 83
677 150 149 17 21
677 150 151 149 17 2
343 114 152 153 67 19
343 114 152 154 153 67 5
444 110 157 84 12
205 254 158 157 84 4
310 157 84 38
641 642 160 100 21
645 642 160 100 10
161 285 90
162 306 112
163 139 126
166 290 216
168 18 59
172 60 96
174 70 49
176 50 40
116 178 284 2
132 130 341 178 284 1
343 341 178 284 7
348 347 341 178 284 4
416 347 341 178 284 14
673 341 178 284 1
757 750 341 178 284 3
179 162 42
180 141 36
181 207 98
118 186 151 20
187 186 151 36
188 186 151 10
187 257 60
188 55 45
192 24 157
350 352 194 329 6
591 194 329 20
118 195 323 14
591 194 195 323 8
118 198 199 52 3
209 325 87
95 211 253 7
209 211 253 10
209 210 211 253 10
181 441 210 211 253 3
691 210 211 253 14
77 213 212 170 6
214 212 170 40
77 213 215 212 170 6
77 213 287 10
214 213 287 31
346 213 287 14
214 78 87
467 215 338 28
218 217 153 47
222 223 217 153 15
346 217 153 10
218 211 50
220 340 46
222 223 221 178 20
222 90 44
201 224 56 20
226 224 56 14
267 224 56 11
226 73 37
205 203 232 312 20
543 169 230 232 312 11
336 337 230 232 312 13
201 204 233 215 2
239 235 234 13 5
431 234 13 14
453 234 13 9
237 175 97
239 166 136
237 240 320 11
239 240 320 24
241 240 320 31
241 300 103
243 294 52
580 244 31 23
641 244 31 21
95 247 346 2
248 247 346 29
248 250 247 346 19
439 247 346 1
757 247 346 28
248 210 132
251 311 112
253 42 85
256 145 98
205 259 180 21
260 259 180 6
663 259 180 19
260 223 62
263 77 204
263 265 283 50
301 265 283 16
267 266 344 48
267 268 266 344 7
267 199 63
220 270 314 18
271 62 87
251 272 125 4
798 797 274 272 125 22
798 799 797 274 272 125 5
346 349 272 125 4
62 273 2 9
116 177 273 2 13
444 110 206 273 2 15
440 333 273 2 12
798 799 797 274 212 21
237 275 276 258 32
575 574 278 276 258 4
45 44 280 266 8
767 420 44 280 266 2
592 595 280 266 10
654 595 280 266 15
285 270 117
289 286 196 19
476 286 196 40
2 288 92 17
289 288 92 28
289 198 76
291 290 296 197 34
298 181 52
299 6 66
300 335 112
301 343 66
291 308 32 16
404 401 308 32 9
309 38 106
310 188 104
311 128 137
314 246 169
316 20 106
318 158 122
319 272 102
323 322 232 41
324 322 232 5
323 276 119
324 176 131
327 183 88
327 326 328 33 10
327 328 33 9
575 574 278 329 248 2
470 335 329 248 13
527 329 248 32
52 51 330 286 14
527 329 330 286 4
397 400 330 286 4
294 332 342 18
755 756 332 342 21
798 799 332 342 3
440 333 291 10
508 333 291 27
336 228 67
350 74 76
350 351 11 40
354 263 152
355 75 91
356 315 72
358 93 129
699 361 28 34
132 130 363 362 282 1
501 542 363 362 282 6
364 328 58
365 51 60
368 130 106
371 3 59
73 378 324 12
368 372 378 324 28
379 169 56
383 316 77
263 386 53 30
348 386 53 14
387 385 386 53 6
388 386 53 15
387 187 80
388 143 115
389 118 81
391 235 153
397 395 27 13
399 395 27 24
397 400 395 27 3
423 395 27 23
23 396 213 8
397 396 213 21
399 396 213 31
397 400 396 213 8
397 216 101
399 208 44
402 58 113
404 289 64
346 405 124 11
202 406 405 124 2
407 277 87
407 409 71 39
410 409 71 3
410 97 82
413 194 82
416 415 23 3
418 417 415 23 8
418 415 23 24
205 612 415 23 6
611 612 415 23 17
416 83 48
418 209 119
419 157 151
419 422 359 30
543 422 359 9
592 422 359 27
423 85 266
424 309 180
348 425 317 6
389 426 427 96 14
429 43 61
431 156 77
285 432 313 25
346 349 432 313 17
239 433 432 313 5
436 432 313 35
760 432 313 33
239 433 108 22
434 433 108 35
436 433 108 50
434 250 69
436 120 97
439 116 56
611 125 451 319 14
440 451 319 1
591 451 319 2
453 357 54
454 113 82
453 455 137 5
454 455 137 1
458 326 312
459 237 85
460 104 82
461 95 106
462 147 106
440 464 267 37
459 464 267 2
460 464 267 10
461 464 267 21
462 464 267 44
467 465 466 142 16
467 466 142 34
467 0 105
118 198 468 292 6
470 442 469 468 292 9
479 468 292 3
470 129 89
336 337 338 471 182 14
474 472 471 182 11
474 471 182 17
474 30 46
256 475 240 10
467 475 240 3
476 475 240 20
476 171 127
300 477 295 26
397 477 295 13
605 477 295 41
759 477 295 4
479 302 144
483 87 71
202 484 107 38
483 484 107 29
111 145 485 275 9
449 485 275 3
486 485 275 7
222 683 717 485 275 4
486 177 45
490 305 61
486 443 494 336 7
314 238 495 299 9
356 238 495 299 33
444 496 132 7
509 497 496 132 4
501 345 124
502 144 87
419 500 503 165 7
501 503 165 25
502 503 165 12
576 503 165 6
701 503 165 4
368 505 504 330 19
506 504 330 17
611 504 330 24
368 505 255 30
506 505 255 26
508 505 255 22
701 731 729 505 255 7
506 327 99
310 507 10 5
470 335 507 10 4
508 507 10 30
508 239 220
509 76 94
510 322 75
515 310 86
516 114 164
732 519 251 26
522 206 62
522 523 352 1
319 21 524 523 352 17
413 684 524 523 352 4
59 525 1 14
527 148 87
529 26 141
531 261 33
531 532 105 21
798 532 105 2
271 533 245 20
531 533 245 7
798 532 533 245 1
327 534 82 10
355 534 82 11
383 534 82 8
449 534 82 6
654 595 534 82 3
535 307 59
536 288 51
535 537 259 5
539 537 259 43
586 537 259 36
539 9 94
547 303 85
383 541 548 47 16
549 233 115
413 550 265 4
549 550 265 35
591 550 265 23
556 217 57
501 542 558 110 7
358 559 558 110 3
664 661 558 110 30
662 665 661 558 110 1
562 49 49
79 7 563 331 6
757 563 331 24
641 244 564 214 2
543 564 214 22
757 563 564 214 12
343 566 242 15
567 566 242 17
567 350 38
543 568 161 26
201 569 568 161 18
575 91 109
576 40 281
577 68 154
576 571 578 226 6
575 578 226 47
577 578 226 18
579 155 52
580 101 72
586 585 152 19
586 64 127
100 96 588 587 123 4
309 588 587 123 1
516 636 635 588 587 123 7
589 168 41
600 308 53
605 603 318 20
605 4 96
592 193 606 159 19
516 606 159 36
591 608 229 14
591 608 609 293 10
592 615 609 293 3
610 296 71
611 150 38
93 614 254 10
592 614 254 20
617 131 192
592 615 618 297 8
617 616 618 297 19
617 618 297 5
619 618 297 8
620 94 81
621 355 90
620 623 36 3
621 623 36 3
620 622 623 36 4
624 623 36 24
624 133 110
629 234 67
630 154 121
631 15 117
632 189 64
638 22 62
641 278 112
641 643 268 11
645 643 268 4
645 46 64
486 443 648 354 11
176 488 649 648 354 11
650 184 60
651 201 73
654 653 112 19
654 655 653 112 17
654 12 35
23 658 80 13
592 193 658 80 11
654 595 658 80 10
659 41 47
660 122 82
662 86 116
663 274 99
664 262 105
662 665 247 15
664 665 247 24
666 358 41
673 167 109
581 675 111 28
591 675 111 31
677 675 111 20
677 88 80
92 688 65 3
111 681 688 65 18
298 680 687 688 65 5
714 715 688 65 16
691 79 45
692 337 42
699 225 86
699 700 99 10
701 700 99 19
701 204 141
682 702 35 43
704 703 702 35 4
704 702 35 42
704 102 29
131 708 707 241 5
709 707 241 29
709 269 73
111 117 713 252 4
529 713 252 11
714 713 252 10
716 713 252 22
714 121 143
716 347 72
575 718 179 29
222 683 718 179 3
556 720 718 179 3
757 750 718 179 10
556 720 719 356 33
725 721 98 24
778 721 98 30
725 8 50
726 72 63
291 728 256 14
476 730 348 5
509 730 348 19
413 684 730 348 30
701 731 730 348 13
732 149 73
738 231 54
714 108 741 273 11
346 742 741 273 27
543 557 743 37 17
294 518 740 743 37 13
346 742 743 37 8
682 681 742 743 37 1
701 681 742 743 37 9
744 222 54
747 115 85
755 29 42
759 758 351 38
761 758 351 15
759 202 173
760 174 121
761 135 85
510 511 763 106 28
766 765 763 106 9
766 763 106 10
766 109 69
767 192 53
289 769 264 17
757 750 769 264 18
192 53 772 244 20
439 438 772 244 27
778 69 50
779 138 42
780 301 88
784 218 82
787 146 206
348 789 271 12
581 789 271 19
418 794 281 3
509 792 794 281 7
795 195 49
796 160 54
798 164 63
