854

374 7 10 33 16
52 6 0 11 12 355 9
16 46 235
300 20 269 45
598 460 20 269 23
656 211 212 19 21 100 6
663 19 21 100 1
598 460 20 21 100 10
656 21 100 24
435 23 22 197 23
435 23 24 22 197 1
737 461 22 197 15
332 25 26 22 6
706 28 27 26 22 7
249 247 27 26 22 27
706 28 26 22 3
423 26 22 24
147 140 29 223 11
246 140 29 223 14
665 29 223 4
52 6 2 30 150 3
32 2 30 150 11
108 111 2 30 150 1
119 2 30 150 9
383 556 104 30 150 11
31 193 80
32 12 82
129 35 37 255 15
40 39 37 255 23
305 304 39 37 255 3
40 37 255 33
40 15 132
557 5 45 6 11
756 324 340 45 6 10
507 45 6 23
662 45 6 2
48 3 46 231 4
119 3 46 231 25
525 3 46 231 5
48 47 58 40
132 47 58 12
138 137 47 58 1
330 47 58 1
48 244 59
118 50 49 282 15
193 49 282 11
445 772 49 282 8
118 50 51 280 14
378 51 280 26
267 553 51 280 7
757 51 280 33
52 26 171
278 58 57 55 174 1
305 699 57 55 174 2
779 57 55 174 5
278 58 55 174 10
68 69 74 55 174 9
110 73 74 55 174 21
199 55 174 15
521 519 55 174 1
60 318 110
63 62 91 25
63 126 64
656 211 64 65 315 12
68 311 94
82 70 79 78 77 102 2
312 78 77 102 13
665 664 78 77 102 2
82 70 79 77 102 3
32 456 77 102 16
162 678 77 102 12
80 18 113
82 63 264
119 2 86 110 18
48 84 86 110 16
48 84 85 86 110 6
676 678 85 86 110 12
674 86 110 12
87 147 6
91 89 184 17
91 92 89 184 5
423 392 390 89 184 9
395 393 390 89 184 2
395 394 390 89 184 12
395 398 390 89 184 7
82 70 71 90 286 5
99 71 90 286 5
395 398 390 89 90 286 1
91 90 286 10
91 92 90 286 8
246 140 93 90 286 2
308 309 93 90 286 1
91 34 106
91 92 108 33
335 94 96 248 1
786 94 96 248 9
786 94 95 96 248 6
604 608 96 248 17
132 615 616 96 248 16
99 97 291 20
52 98 250 32
99 100 98 250 9
178 100 98 250 17
99 246 108
99 71 102 240 14
319 102 240 12
129 449 102 240 31
438 512 105 176 21
332 25 704 105 176 3
334 704 105 176 10
662 107 62 19
108 296 86
108 109 354 4
110 109 354 7
108 112 109 354 11
147 607 112 109 354 2
138 109 354 49
82 70 511 530 109 354 6
783 711 530 109 354 2
110 95 110
108 111 93 22
110 111 93 6
712 111 93 21
115 114 113 350 6
115 113 350 42
706 631 113 350 30
115 351 99
118 57 108
119 230 125
123 122 78 2
428 124 122 78 15
125 122 78 50
123 99 85
125 336 98
123 126 43 29
125 126 43 4
182 126 43 12
129 127 128 119 35
557 127 128 119 3
129 128 119 22
129 192 201
131 322 106
132 289 83
133 55 116
110 73 76 136 83 6
138 136 83 22
410 167 136 83 31
138 137 319 5
80 618 137 319 16
138 115 76
147 25 104
147 148 112 23
110 73 151 89 6
82 151 89 24
82 145 141 152 209 2
82 151 152 209 12
683 682 151 152 209 4
153 156 23
154 195 47
153 156 345 15
154 156 345 23
153 155 156 345 13
154 155 156 345 11
178 157 158 254 17
507 213 220 310 158 254 2
629 158 254 48
395 393 142 159 285 4
606 142 159 285 13
642 142 159 285 22
629 621 260 259 159 285 3
525 3 397 159 285 16
423 392 397 159 285 2
395 393 397 159 285 3
395 397 159 285 12
119 121 466 160 353 1
465 466 160 353 16
467 466 160 353 21
598 626 628 579 160 353 1
395 397 159 161 39 7
598 626 628 579 160 161 39 1
598 625 689 160 161 39 4
629 621 620 625 689 160 161 39 1
60 688 689 160 161 39 11
410 690 689 160 161 39 9
647 161 39 16
162 88 168
786 735 166 165 347 2
791 735 166 165 347 1
410 167 165 347 18
170 148 128
170 171 177 38
82 174 342 21
138 174 342 10
170 174 342 7
82 145 172 174 342 9
246 140 692 691 175 160 1
693 691 175 160 16
176 221 104
119 177 333 26
178 177 333 35
485 177 333 49
178 9 118
182 180 51 30
674 673 636 144 181 320 18
182 181 320 16
182 23 81
63 61 183 348 35
436 183 348 26
176 185 275 16
187 185 275 26
32 33 186 144 16
187 185 186 144 13
187 186 144 27
187 152 90
190 189 232 40
191 192 189 232 13
193 189 232 3
190 76 63
191 105 94
193 73 113
199 197 358 37
199 198 338 13
300 301 198 338 25
16 594 198 338 10
656 211 222 594 198 338 3
199 178 84
40 201 194 10
277 275 146 201 194 3
779 201 194 31
374 7 9 202 292 32
638 637 639 9 202 292 13
395 393 202 292 20
521 393 202 292 9
277 275 146 204 201 1
565 146 204 201 2
757 146 204 201 24
80 205 204 201 14
423 392 205 204 201 3
16 17 208 8 27
633 634 208 8 8
63 635 634 208 8 2
224 308 140
335 344 92 225 288 5
224 225 288 13
224 226 225 288 24
224 227 226 225 288 6
305 230 231 341 20
656 211 212 236 299 6
276 216 212 236 299 4
237 236 299 13
374 236 299 1
237 313 7
99 221 212 240 238 239 306 7
638 240 239 306 26
786 94 666 240 239 306 1
561 666 240 239 306 14
438 239 306 14
395 394 396 450 239 306 9
629 620 239 306 2
99 221 212 241 234 2
281 280 242 241 234 19
246 243 13 50
791 735 730 243 13 7
438 440 734 243 13 9
80 244 245 38 29
246 245 38 10
246 303 91
248 307 101
249 166 164
249 247 250 314 2
249 250 314 38
249 251 250 314 46
414 250 314 10
110 73 76 254 253 352 7
319 73 76 254 253 352 12
249 247 254 253 352 5
40 555 253 352 13
453 555 253 352 14
176 365 592 253 352 16
591 592 253 352 7
119 341 256 255 290 7
383 255 290 41
118 258 138 25
99 221 214 258 138 5
706 631 258 138 8
115 114 669 671 258 138 8
438 264 261 127 7
308 261 127 13
395 398 390 261 127 10
504 400 390 261 127 2
429 261 127 31
656 211 222 214 263 258 10
435 23 265 262 263 258 6
438 264 263 258 4
435 23 265 263 258 1
521 787 265 263 258 5
170 342 263 258 18
68 69 749 263 258 1
119 749 263 258 17
16 266 101 20
267 266 101 16
31 343 266 101 10
82 343 266 101 1
267 265 62
82 215 273 67 16
276 216 215 273 67 9
99 221 215 273 67 5
276 274 310 24
277 275 227 43
276 241 108
277 267 86
278 206 89
278 279 129 25
281 280 279 129 13
798 797 279 129 9
281 52 65
40 285 196 6
423 392 283 284 285 196 6
286 284 285 196 5
286 285 196 39
286 163 151
525 296 294 131 19
767 294 131 46
585 293 295 210 11
525 296 295 210 21
52 6 298 312 8
82 70 218 298 312 9
303 218 298 312 25
300 298 312 14
300 301 298 312 7
504 630 301 298 312 5
325 407 298 312 6
598 626 667 298 312 1
300 299 357 4
395 299 357 49
300 188 115
504 630 301 262 40
629 630 301 262 2
633 301 262 20
303 151 131
305 134 111
308 306 121 19
308 309 306 121 7
308 307 30 35
308 309 307 30 8
308 211 85
507 213 220 310 54 18
276 216 220 310 54 2
281 216 220 310 54 3
308 309 310 54 26
319 73 74 311 273 3
312 311 273 47
430 311 273 5
629 621 311 273 3
312 98 112
312 313 256 28
684 313 256 12
191 316 47 3
119 341 256 316 47 18
82 343 266 316 47 10
337 336 343 266 316 47 1
521 393 266 316 47 3
119 341 315 317 318 316 47 4
504 400 318 316 47 25
319 169 139
319 320 222 6
319 321 320 222 27
504 320 222 48
99 221 322 245 3
683 221 322 245 18
756 324 322 245 23
325 94 102
683 221 326 335 1
337 336 343 314 326 335 3
325 326 335 34
325 327 11 12
775 72 535 327 11 4
350 535 327 11 5
638 327 11 23
683 221 329 328 42 10
330 328 42 8
332 328 42 1
683 221 329 168 5
330 329 168 36
332 329 168 13
335 329 168 2
330 181 88
176 143 1 14 331 142 3
129 14 331 142 36
330 331 142 18
332 56 131
334 66 167
335 161 118
337 214 78
347 345 346 37 1
347 346 37 15
347 220 80
350 259 69
350 351 159 29
383 351 159 17
756 324 340 352 64 8
350 340 352 64 19
267 553 340 352 64 1
31 353 352 64 13
629 352 64 21
319 321 785 352 64 1
129 619 785 352 64 3
80 618 617 619 785 352 64 3
31 353 136 15
562 353 136 5
598 596 353 136 20
48 710 596 353 136 16
357 356 354 229 4
357 354 229 27
357 5 62
170 342 363 41 13
176 365 364 363 41 3
176 365 363 41 6
99 71 366 356 24
467 71 366 356 3
170 342 366 356 6
378 342 366 356 1
430 366 356 11
438 512 366 356 12
771 770 366 356 2
335 344 370 371 153 12
584 680 344 370 371 153 11
442 370 371 153 7
374 373 77 9
378 373 77 21
377 380 373 77 24
663 373 77 17
374 116 155
377 249 89
378 31 256
428 268 381 309 8
383 382 381 309 11
383 381 309 1
438 512 381 309 1
383 382 106 28
467 382 106 10
383 28 83
388 35 86
402 182 106
305 230 404 10 16
402 404 10 1
733 404 10 35
408 237 83
330 331 409 65 12
408 409 65 32
410 409 65 5
410 343 72
395 391 411 90 7
442 391 411 90 6
737 391 411 90 18
423 411 90 50
414 277 105
414 416 180 14
414 415 416 180 27
80 244 417 130 16
683 221 212 244 417 130 16
438 440 244 417 130 2
423 392 418 417 130 10
420 316 106
424 422 155 2
606 422 155 20
423 113 143
424 40 85
178 179 426 216 1
428 426 216 24
147 607 426 216 12
604 607 426 216 7
733 426 216 9
428 218 112
429 165 89
430 109 99
557 551 431 434 49 34
435 23 24 433 434 49 8
585 384 433 434 49 7
557 551 431 433 434 49 6
435 122 97
436 183 74
438 107 91
439 20 110
442 441 283 13
442 346 98
395 394 444 287 11
467 444 287 19
445 68 87
447 70 81
119 448 137 27
129 449 448 137 4
447 449 448 137 17
395 394 396 450 452 0 6
438 394 396 450 452 0 5
453 396 450 452 0 6
147 451 452 0 13
453 295 99
453 454 45 13
795 454 45 44
453 457 251 18
395 397 462 103 15
465 304 76
467 466 359 4
465 469 466 359 7
467 469 466 359 3
598 626 628 510 466 359 1
629 628 510 466 359 10
147 545 466 359 11
131 548 545 466 359 3
467 85 113
248 338 468 143 1
408 338 468 143 24
467 464 468 143 11
525 464 468 143 6
465 468 143 12
467 468 143 8
467 469 468 143 16
337 336 343 472 332 1
453 343 472 332 14
558 343 472 332 15
68 69 471 472 332 2
378 69 471 472 332 11
473 330 114
300 474 242 29
447 732 731 478 474 242 8
683 474 242 14
558 759 474 242 25
395 398 476 133 10
465 476 133 11
119 341 475 476 133 14
598 626 476 133 15
525 3 46 480 321 8
428 268 479 480 321 2
395 398 479 480 321 4
115 114 669 480 321 15
629 624 669 480 321 13
467 71 481 29 10
715 482 481 29 18
485 484 483 186 2
485 483 186 7
350 486 483 186 3
485 487 483 186 13
656 211 222 594 595 483 186 7
485 247 90
350 486 104 6
438 394 399 486 104 3
504 400 399 486 104 18
325 517 399 486 104 21
485 486 104 1
430 644 489 490 297 23
325 517 399 491 60 6
133 130 497 139 29
757 146 497 139 11
733 426 497 139 19
312 498 21 26
629 498 21 17
557 5 56 499 200 12
642 5 56 499 200 11
170 499 200 23
447 732 751 500 499 200 4
154 155 501 187 10
757 252 501 187 11
447 732 751 500 501 187 4
790 750 751 500 501 187 12
119 605 501 187 23
604 605 501 187 1
604 607 605 501 187 12
52 6 599 502 270 1
775 72 6 599 502 270 2
791 6 599 502 270 15
629 620 622 502 270 4
629 621 622 502 270 6
629 622 502 270 25
629 630 727 502 270 10
504 80 199
505 293 95
507 179 89
508 328 101
507 509 340 19
508 509 340 32
350 515 7 7
125 514 515 7 14
162 516 515 7 22
521 327 121
525 202 188
176 143 1 527 128 16
82 70 511 527 128 12
87 70 511 527 128 1
424 511 527 128 16
525 527 128 25
525 526 527 128 8
767 527 128 18
147 528 213 47
525 524 528 213 6
525 528 213 9
525 526 528 213 2
424 421 235 232 532 334 17
684 532 334 48
276 534 253 46
798 533 534 253 9
350 535 278 25
378 535 278 45
438 512 538 284 6
319 73 76 536 538 284 3
82 83 76 536 538 284 3
388 589 538 284 4
246 540 164 13
147 148 149 539 540 164 5
224 210 539 540 164 25
565 541 32 29
91 640 541 32 22
129 14 542 274 4
786 94 95 542 274 1
521 393 401 95 542 274 13
224 210 539 542 274 3
438 512 539 542 274 5
629 628 510 512 539 542 274 3
424 511 512 539 542 274 19
786 511 512 539 542 274 2
629 621 513 512 539 542 274 6
383 351 543 326 22
629 621 513 512 543 326 6
798 797 513 512 543 326 10
728 724 512 543 326 7
129 768 543 326 4
767 768 543 326 1
798 797 513 544 167 12
547 146 98
557 212 124
558 271 135
557 559 59 27
558 559 59 13
561 44 172
562 257 159
561 564 82 2
561 563 564 82 38
565 339 73
757 566 24 19
629 572 573 36 15
757 51 575 573 36 2
82 145 141 576 573 36 11
430 644 141 576 573 36 1
665 425 576 573 36 31
525 552 574 207 8
267 553 552 574 207 4
706 553 552 574 207 7
629 572 574 207 5
757 51 575 574 207 11
378 342 369 575 574 207 2
737 391 570 577 578 172 4
629 628 579 578 172 5
790 360 754 579 578 172 8
665 580 578 172 1
712 716 578 172 6
715 716 578 172 24
665 580 92 31
790 360 754 579 581 173 3
791 580 581 173 21
178 15 582 75 4
562 582 75 28
16 736 582 75 6
138 736 582 75 19
584 235 106
585 349 144
706 553 587 2 11
388 589 587 2 20
388 589 588 239 17
591 590 301 29
591 593 590 301 11
591 261 53
591 592 219 37
598 157 91
600 81 120
600 601 171 31
600 602 17 18
604 158 116
606 96 242
453 555 610 217 20
110 611 124 38
737 611 124 4
428 613 79 31
383 556 613 79 5
604 607 613 79 27
633 132 77
638 50 126
91 640 69 7
178 640 69 11
99 554 640 69 11
591 640 69 21
642 640 69 11
176 143 1 641 162 1
642 641 162 45
642 268 87
249 646 189 15
629 621 646 189 21
647 646 189 45
786 646 189 5
647 1 50
706 553 340 649 228 9
584 340 649 228 6
647 645 649 228 10
647 648 649 228 14
656 649 228 15
246 140 651 117 4
286 651 117 22
193 189 652 141 17
629 630 653 652 141 11
656 655 653 652 141 2
656 653 652 141 18
485 654 652 141 1
656 655 652 141 9
656 652 141 5
485 654 298 19
629 622 654 298 9
656 654 298 26
656 84 72
662 243 91
663 224 107
665 317 161
598 626 667 325 5
665 667 325 49
561 666 667 325 4
674 272 68
319 73 74 675 185 18
629 624 675 185 17
665 624 675 185 29
676 140 70
683 120 50
684 175 81
629 620 625 685 135 2
638 620 625 685 135 5
791 735 625 685 135 10
683 682 685 135 6
683 685 135 25
410 690 689 300 10
453 690 689 300 30
453 690 215 1
642 690 215 50
435 687 690 215 17
60 688 690 215 10
693 198 92
629 627 694 205 4
410 409 695 170 18
521 519 523 695 170 9
453 555 695 170 8
505 555 695 170 6
557 551 555 695 170 1
629 622 695 170 3
629 627 695 170 6
82 83 76 696 266 17
337 336 696 266 9
176 349 696 266 10
591 697 701 72 4
305 699 698 701 72 31
305 699 701 72 1
63 62 700 701 72 3
170 702 701 72 33
642 5 703 86 15
357 358 703 86 3
629 627 703 86 14
791 703 86 25
791 703 705 233 15
706 190 187
783 711 337 36
712 154 85
374 376 713 145 1
395 713 145 20
712 713 145 26
629 714 713 145 9
715 713 145 26
715 716 713 145 9
629 714 264 38
715 714 264 26
715 263 80
629 717 123 20
676 678 85 718 717 123 16
224 722 721 252 11
224 722 723 721 252 4
224 722 279 27
629 722 279 46
728 725 726 305 1
728 726 305 49
138 736 726 305 3
733 736 726 305 4
728 226 80
737 125 69
737 738 236 41
267 740 225 33
764 740 225 8
429 742 344 46
557 551 742 344 2
585 293 743 203 19
447 732 731 743 203 8
286 747 3 15
383 556 747 3 14
706 553 556 747 3 20
447 732 747 3 9
281 216 745 748 118 22
521 519 745 748 118 14
712 111 746 748 118 18
447 732 747 746 748 118 7
521 519 745 744 752 111 1
119 749 752 111 10
790 750 752 111 11
790 750 751 752 111 5
585 753 752 111 21
790 750 753 752 111 2
756 48 101
757 87 75
733 758 19 28
733 760 27 38
763 761 323 33
764 761 323 46
763 329 110
764 71 100
763 765 238 40
82 81 766 97 14
733 766 97 7
767 766 97 46
767 16 47
771 199 84
445 772 302 13
733 772 302 44
115 774 61 6
176 774 61 33
775 776 774 61 9
775 191 92
557 127 777 276 2
629 628 127 777 276 13
629 719 778 777 276 1
779 74 74
779 781 114 24
779 780 781 114 20
783 208 119
80 618 617 619 785 204 5
786 785 204 3
790 792 785 204 4
791 792 785 204 11
786 260 80
176 349 788 53 8
791 735 788 53 2
115 789 788 53 6
115 789 324 30
629 628 510 789 324 17
584 789 324 3
790 4 88
791 14 60
790 793 294 34
795 281 81
665 425 794 796 331 8
795 794 796 331 1
795 796 331 19
798 149 124
