856

249 1 0 7 6 321 1
16 0 7 6 321 11
661 7 6 321 1
224 660 8 6 321 2
390 64 6 321 11
225 380 6 321 4
661 7 38 15
754 7 38 38
14 11 87 26
14 285 120
16 303 114
18 314 166
19 330 92
433 429 22 21 82 2
464 21 82 41
390 386 24 25 335 12
249 242 26 25 335 3
417 25 335 31
707 27 289 26
707 27 28 110 14
224 547 28 110 1
419 658 28 110 12
29 147 85
29 30 73 20
29 32 30 73 18
566 349 30 73 4
35 34 229 28
35 111 108
37 36 170 1
38 39 36 170 13
42 36 170 44
37 134 123
38 291 162
37 40 97 12
38 40 97 27
41 40 97 8
42 40 97 8
661 677 40 97 19
79 62 775 40 97 6
774 775 40 97 4
787 40 97 5
41 26 131
42 114 139
44 188 81
19 4 2 45 121 5
754 5 2 45 121 2
440 2 45 121 30
289 769 45 121 9
49 126 90
19 4 51 65 18
94 97 51 65 19
376 351 294 51 65 21
787 294 51 65 3
229 631 51 65 5
325 756 51 65 2
316 132 139 53 52 290 4
630 394 393 52 290 5
56 744 743 52 290 8
56 54 353 14
518 54 353 15
525 54 353 34
19 4 55 172 1
56 55 172 7
172 502 55 172 20
81 742 55 172 20
56 329 139
58 57 123 7
376 351 67 57 123 1
649 455 234 231 57 123 2
692 234 231 57 123 4
301 231 57 123 1
710 231 57 123 16
246 57 123 31
58 60 159
70 199 58
70 72 71 207 23
70 73 84 1
70 72 73 84 6
626 73 84 11
79 663 73 84 19
172 171 75 287 3
195 3 292 75 287 14
81 292 75 287 4
172 293 292 75 287 16
103 379 75 287 3
413 384 75 287 20
751 749 75 287 11
79 62 77 204 3
251 459 76 77 204 11
313 77 204 27
661 674 657 77 204 1
79 116 93
81 80 354 19
83 82 80 354 10
760 82 80 354 1
83 80 354 1
81 84 80 354 6
83 84 80 354 8
81 272 156
83 157 129
172 295 293 292 85 273 2
668 299 293 292 85 273 4
411 292 85 273 20
312 85 273 48
44 43 319 85 273 4
669 290 63 86 346 6
44 43 319 85 86 346 5
449 675 85 86 346 14
661 675 85 86 346 6
88 320 99
88 87 89 216 16
88 89 216 28
669 290 63 90 341 6
637 457 63 90 341 13
560 559 63 90 341 18
88 90 341 6
754 90 341 29
311 310 92 7 3
487 310 92 7 11
172 295 357 92 7 18
376 351 357 92 7 1
421 354 357 92 7 4
94 249 94
14 99 138 8
390 64 99 138 9
443 101 183 26
103 117 136
103 105 30 13
103 104 105 30 4
518 105 30 4
128 745 530 105 30 7
622 619 105 30 1
491 107 109 316 20
147 108 109 316 1
110 174 83
18 60 65 111 102 7
110 111 102 6
110 112 111 102 1
110 113 111 102 12
110 112 113 111 102 7
420 611 111 102 18
597 773 111 102 8
774 114 63 42
787 121 18 47
363 364 123 122 78 19
124 122 142
126 33 151
128 192 155
128 129 17 17
420 500 129 17 9
37 47 46 141 251 3
146 46 141 251 3
44 676 46 141 251 13
56 135 130 141 251 3
560 559 140 141 251 7
146 551 141 251 3
545 541 551 141 251 5
262 544 551 141 251 1
655 652 551 141 251 2
622 619 141 251 1
509 505 662 141 251 3
661 662 141 251 18
692 141 251 4
143 293 92
146 304 128
147 186 100
229 549 135 130 150 120 8
146 326 130 150 120 5
734 130 150 120 23
81 153 68 17
229 549 135 153 68 3
316 458 153 68 17
404 450 458 153 68 4
649 455 456 450 458 153 68 3
70 131 152 154 23 9
192 453 458 153 152 154 23 4
192 453 458 153 154 23 8
684 683 153 154 23 2
316 132 156 96 12
413 132 156 96 6
157 155 156 96 3
157 156 96 2
157 193 36
161 159 223 3
14 180 159 223 34
161 160 261 1
311 160 261 5
56 744 160 261 3
161 119 92
165 133 162 233 5
470 469 162 233 16
49 583 162 233 8
311 355 583 162 233 4
449 358 355 583 162 233 10
545 583 162 233 3
545 583 162 163 282 2
161 158 690 162 163 282 1
637 636 640 163 282 2
637 640 163 282 6
637 639 640 163 282 2
166 164 94 37
94 168 164 94 2
790 164 94 26
165 280 109
166 47 113
790 164 167 144 3
165 167 144 12
166 167 144 47
94 168 167 144 4
165 133 169 39 31
147 145 169 39 2
404 169 39 13
707 665 169 39 20
524 138 134 170 190 9
229 139 134 170 190 10
668 134 170 190 4
172 170 190 45
687 686 170 190 10
687 688 686 170 190 5
172 171 299 18
449 171 299 7
637 171 299 3
172 235 74
411 173 36 18
147 174 220 10
661 174 220 50
81 176 104 22
161 136 176 104 1
312 176 104 6
192 182 209 30
420 181 183 101 11
192 182 183 101 3
376 351 67 185 150 24
94 96 186 185 150 23
340 356 430 185 150 9
372 356 430 185 150 9
692 177 178 187 202 6
376 345 178 187 202 22
649 455 178 187 202 3
190 189 188 187 202 7
190 189 187 202 25
190 187 202 2
190 189 188 67 1
190 188 67 40
302 300 188 67 6
190 149 107
192 191 236 21
192 208 60
161 136 194 12 30
195 194 12 9
195 196 194 12 3
195 155 92
197 129 85
79 62 66 199 198 191 10
626 629 66 199 198 191 5
213 131 201 181 12
213 131 137 201 181 17
413 132 137 201 181 1
464 468 201 181 3
289 769 201 181 5
38 39 203 98 7
79 663 203 98 16
779 203 98 29
779 203 206 169 8
79 207 204 206 169 11
94 97 205 206 169 8
79 207 204 205 206 169 1
449 280 282 770 204 205 206 169 1
266 522 694 208 205 206 169 5
224 660 8 632 206 169 4
390 64 632 206 169 5
94 98 632 206 169 13
630 632 206 169 18
229 631 632 206 169 1
413 132 137 209 317 4
736 132 137 209 317 11
210 349 120
210 212 237 30
213 221 96
524 138 216 308 5
624 216 308 28
661 216 308 32
213 211 217 179 4
661 216 217 179 15
545 541 543 588 217 179 5
221 224 99
224 220 222 197 9
221 222 197 2
224 222 197 30
271 222 197 15
221 223 318 15
271 222 223 318 22
692 234 223 318 3
797 223 318 10
224 25 86
225 338 53
225 226 305 35
225 227 226 305 7
229 228 257 37
444 228 257 25
229 276 159
239 236 237 212 4
126 230 238 237 212 7
239 237 212 12
692 234 275 237 212 5
545 541 543 575 573 237 212 1
669 541 543 575 573 237 212 3
610 543 575 573 237 212 5
239 125 107
126 230 240 322 9
787 230 240 322 10
241 61 67
18 60 245 297 12
710 231 245 297 3
246 245 297 1
247 245 297 1
249 245 297 50
58 408 245 297 10
246 93 96
247 139 62
247 248 54 8
249 248 54 17
545 587 248 54 22
589 587 248 54 6
249 118 101
710 231 250 160 19
372 373 250 160 16
251 141 98
251 252 145 12
253 309 200
249 242 257 148 30
754 5 531 257 148 4
259 302 125
259 260 53 31
325 15 261 260 53 35
128 261 260 53 3
787 260 53 4
262 167 134
421 354 353 263 359 29
387 263 359 45
736 263 359 6
750 741 263 359 15
266 265 135 26
267 265 135 9
266 158 66
267 348 75
271 173 160
251 272 256 45
79 663 272 256 3
561 663 272 256 8
797 274 3 31
797 235 279 10 5
281 69 94
281 283 352 46
449 280 282 283 352 12
284 180 128
284 287 247 46
637 457 287 247 2
284 288 286 25
284 286 288 286 24
289 288 286 17
289 45 75
229 549 135 298 19 1
566 135 298 19 31
669 290 298 19 26
301 313 104
302 343 70
308 307 230 38
308 309 307 230 40
308 234 68
311 189 124
312 6 96
313 2 76
487 310 314 325 3
312 314 325 15
313 314 325 4
347 314 325 23
316 43 95
251 317 115 7
128 261 317 115 30
128 261 317 318 37 10
449 358 319 318 37 11
710 319 318 37 25
323 28 119
324 52 82
325 44 118
146 326 327 350 25
668 299 293 328 42 33
14 454 534 328 42 3
649 455 454 534 328 42 1
229 631 328 42 13
81 742 13 332 331 40 2
79 78 401 331 40 2
56 744 743 401 331 40 14
787 294 333 163 21
325 756 333 163 13
14 180 273 334 113 14
692 234 275 273 334 113 12
787 230 335 334 113 7
470 336 334 113 6
229 631 336 334 113 16
340 20 181
340 338 342 211 11
340 342 211 19
344 50 120
347 152 64
698 361 360 21 5
698 362 360 21 4
698 361 130 32
698 362 201 31
363 175 39
661 366 232 40
790 366 232 27
524 526 233 369 143 10
600 602 233 369 143 3
376 351 371 369 143 2
372 371 369 143 11
372 369 143 8
372 373 369 143 8
509 505 369 143 20
510 505 369 143 8
372 371 370 185 4
372 370 185 39
610 543 370 185 16
372 58 79
376 374 56 8
376 377 374 56 1
128 745 374 56 10
190 740 745 374 56 1
376 375 127 42
376 377 375 127 1
247 757 50 579 375 127 6
545 581 579 375 127 6
241 243 705 702 579 375 127 4
376 296 153
376 377 8 40
225 380 283 29
44 352 380 283 3
487 381 380 283 11
661 664 380 283 11
661 667 664 380 283 3
692 664 380 283 12
224 660 381 231 12
750 741 381 231 19
387 99 90
387 389 55 15
470 388 389 55 28
390 389 55 23
391 389 55 9
390 27 120
391 206 123
630 394 395 328 9
229 139 219 398 70 21
411 292 398 70 2
524 292 398 70 1
633 292 398 70 15
301 477 398 70 6
421 354 353 399 161 8
404 406 353 399 161 14
301 477 398 399 161 3
787 230 335 477 398 399 161 6
224 660 398 399 161 13
213 211 400 399 161 7
81 742 13 332 403 339 3
128 742 13 332 403 339 12
56 744 403 339 19
253 744 403 339 25
325 744 403 339 4
404 105 83
787 230 232 407 345 4
561 232 407 345 37
597 232 407 345 7
391 407 345 46
411 71 112
411 412 295 39
669 541 412 295 5
413 83 136
417 51 113
419 128 102
420 333 96
421 151 103
18 60 423 337 10
449 358 355 423 337 7
190 740 355 423 337 15
736 423 337 32
790 396 424 426 165 8
600 602 424 426 165 28
661 667 425 426 165 21
390 427 176 43
661 667 425 427 176 1
750 427 176 25
433 248 75
239 434 29 8
524 666 432 434 29 10
637 666 432 434 29 12
433 434 29 23
440 5 124
754 5 442 14 3
79 62 61 118 442 14 2
440 442 14 22
443 441 442 14 3
443 442 14 21
443 307 108
444 32 66
444 446 267 19
448 447 64 34
449 447 64 7
38 546 447 64 13
518 546 447 64 9
448 166 81
449 24 120
464 62 143
464 465 79 14
467 465 79 23
464 466 31 4
467 466 31 6
561 663 466 31 21
467 80 98
464 468 162 42
467 468 162 29
470 142 152
440 473 168 32
661 662 473 168 1
281 451 474 342 8
192 453 451 474 342 2
128 742 462 451 474 342 2
470 469 451 474 342 2
487 451 474 342 5
161 136 479 477 1 2
413 479 477 1 25
190 603 477 1 10
684 477 1 25
19 4 478 306 6
734 130 150 478 306 3
684 477 478 306 10
560 759 477 478 306 3
147 108 529 478 306 1
190 740 478 306 16
736 132 747 478 306 15
281 747 478 306 19
787 230 481 35 6
340 481 35 48
484 277 130
484 485 240 21
487 485 240 29
487 198 129
491 489 215 13
649 455 452 490 89 1
491 490 89 32
491 16 97
589 453 494 493 159 4
622 453 494 493 159 1
497 496 493 159 9
497 493 159 2
622 453 494 146 16
707 665 453 494 146 4
497 494 146 29
497 494 495 244 5
497 495 244 50
497 0 37
229 139 501 254 10
633 139 501 254 22
313 501 254 14
376 501 254 12
420 500 501 254 18
506 196 140
509 264 134
510 278 94
512 292 143
124 513 108 8
247 513 108 26
512 513 108 31
649 455 514 219 10
692 664 514 219 12
518 516 517 59 19
518 517 59 24
518 131 133
518 516 519 358 11
518 517 519 358 7
518 519 358 21
707 665 731 519 358 3
520 210 102
344 523 203 26
524 523 203 31
525 523 203 44
524 250 124
525 13 48
146 149 527 301 5
266 522 527 301 1
524 527 301 14
524 526 527 301 5
637 457 528 270 3
147 108 529 528 270 6
712 529 528 270 16
538 537 536 281 3
538 536 281 25
538 539 536 281 23
538 357 127
554 57 97
566 556 552 555 107 3
554 555 107 13
566 556 555 107 18
390 64 557 288 20
707 665 64 557 288 6
413 414 557 288 8
443 441 557 288 11
545 540 557 288 15
545 540 557 558 259 8
560 239 116
561 136 99
560 562 347 17
561 562 347 15
195 670 562 347 14
668 670 562 347 15
707 665 64 564 356 17
712 665 64 564 356 2
714 382 564 356 22
790 396 565 564 356 1
566 564 356 22
790 396 565 274 32
566 9 126
570 569 567 187 9
570 567 187 20
570 567 568 90 7
570 569 568 90 8
570 568 90 9
570 260 66
42 572 571 326 10
545 542 572 571 326 7
229 549 542 572 571 326 17
545 581 574 238 31
195 3 576 275 21
324 576 275 2
712 665 453 458 576 275 10
622 458 576 275 30
751 576 275 14
797 235 578 153 22
262 544 578 153 19
669 541 544 578 153 6
649 550 544 578 153 1
419 580 15 27
712 665 453 580 15 1
190 740 745 580 15 11
545 581 582 4 6
545 583 582 4 14
637 666 717 582 4 4
14 586 584 262 3
58 59 586 584 262 15
143 59 586 584 262 1
736 132 586 584 262 15
545 585 298 36
736 132 586 585 298 1
566 586 585 298 9
589 319 78
630 394 593 591 46 10
538 537 593 591 46 31
518 546 594 591 46 2
35 733 591 46 20
538 537 593 592 271 9
566 586 593 592 271 4
710 593 592 271 4
518 546 594 592 271 1
597 72 74
487 486 599 252 16
545 599 252 7
518 546 599 252 12
597 599 252 7
545 540 598 599 252 5
224 547 540 598 599 252 2
560 540 598 599 252 13
597 598 599 252 5
600 106 86
655 604 164 24
266 608 605 255 29
224 547 606 103 16
266 608 605 606 103 5
607 606 103 16
266 608 606 103 3
607 100 69
610 205 115
94 95 612 331 11
669 290 298 612 331 5
649 455 504 609 612 331 14
610 612 331 5
420 611 612 331 9
610 611 612 331 34
413 613 85 5
372 548 613 85 23
607 613 85 14
325 15 615 140 7
464 15 615 140 15
166 615 140 7
637 457 615 140 14
229 549 615 140 6
626 549 616 279 23
420 422 617 616 279 10
622 327 76
128 623 77 2
624 623 77 20
624 258 134
626 625 124 8
628 625 124 22
626 294 124
628 312 81
630 245 114
229 631 75 8
340 631 75 30
491 631 75 15
630 631 75 9
633 265 98
512 634 336 15
518 516 634 336 15
633 634 336 15
44 43 635 315 29
633 635 315 39
637 638 635 315 33
637 241 129
637 639 323 48
281 644 268 8
668 299 293 644 268 4
324 644 268 3
506 508 644 268 16
311 507 508 644 268 21
192 191 645 154 2
213 131 642 645 154 6
692 234 642 645 154 20
649 550 643 645 154 1
340 646 48 3
372 356 646 48 26
649 550 646 48 14
512 648 646 48 3
649 311 125
655 652 651 74 19
655 652 656 653 651 74 24
655 656 653 651 74 12
655 651 74 11
655 332 137
79 62 61 659 334 3
229 659 334 37
419 658 659 334 3
668 228 98
669 178 145
29 32 672 200 21
253 672 200 2
302 300 672 200 15
661 674 672 200 9
44 676 284 18
661 675 676 284 24
661 677 678 242 11
190 740 745 678 242 5
750 740 745 678 242 21
754 740 745 678 242 7
325 744 745 678 242 7
18 60 65 679 225 5
79 62 65 679 225 5
774 114 65 679 225 1
750 65 679 225 14
251 459 76 679 225 4
224 660 459 76 679 225 9
413 384 660 459 76 679 225 3
79 62 61 118 679 225 5
372 356 679 225 1
649 455 679 225 1
661 677 679 225 17
195 680 266 20
661 662 680 266 1
637 666 662 680 266 1
38 786 662 680 266 1
325 744 680 266 21
18 60 681 133 13
797 235 60 681 133 15
413 60 681 133 3
467 681 133 25
684 683 681 133 4
684 681 133 3
684 300 105
687 95 94
692 664 689 243 6
404 691 689 243 47
637 638 635 691 689 243 1
692 213 91
524 522 694 218 9
692 694 218 35
692 695 226 17
630 693 695 226 12
692 693 695 226 4
692 694 695 226 10
698 324 71
241 243 705 34 28
545 243 705 34 11
172 703 705 34 8
707 706 355 2
707 708 706 355 8
707 86 92
710 177 101
712 310 110
714 132 90
195 3 723 49 8
213 723 49 38
661 674 723 49 8
730 725 727 340 12
730 727 340 48
730 195 143
734 182 69
735 41 88
736 92 149
289 288 737 184 12
589 288 737 184 4
316 739 253 37
110 746 22 28
281 747 746 22 21
754 740 748 746 22 5
545 747 88 49
750 227 119
751 91 92
754 263 110
247 757 755 351 18
760 269 82
760 761 246 38
449 280 282 770 109 16
88 768 770 109 25
195 48 772 171 5
440 439 772 171 16
443 439 772 171 20
597 773 772 171 16
774 217 132
281 778 344 17
413 60 776 778 344 6
325 756 333 776 778 344 3
126 777 776 778 344 1
779 81 78
58 782 137 38
172 295 782 137 8
730 726 392 782 137 16
714 382 783 156 9
443 441 783 156 21
712 783 156 32
38 786 112 26
413 786 112 20
787 786 112 34
787 11 152
376 345 788 222 12
325 744 789 788 222 7
790 788 222 45
790 194 151
637 666 717 793 76 11
417 715 717 793 76 24
487 485 716 717 793 76 9
509 792 791 793 76 2
509 792 793 76 7
324 322 785 792 793 76 10
797 66 88
589 798 214 23
797 798 214 33
509 799 798 214 1
797 799 798 214 7
