884

582 754 11 10 190 8
456 12 10 190 34
631 12 10 190 10
15 14 312 29
15 165 12
17 16 2 27
17 73 129
19 121 174
23 122 151
24 47 93
414 29 28 323 13
263 320 28 323 8
296 320 28 323 9
418 320 28 323 1
799 340 28 323 27
326 461 415 28 323 7
283 244 30 31 76 9
296 294 30 31 76 26
44 3 32 31 76 4
296 294 30 33 31 76 9
308 189 273 426 31 76 10
577 571 594 31 76 5
670 36 35 89 14
451 35 89 32
456 35 89 33
39 172 65
44 3 42 41 3 19
43 42 41 3 27
43 42 240 10
523 42 240 47
43 321 92
44 212 101
326 47 48 292 33
450 4 49 51 301 5
709 51 301 12
122 53 155 44
582 53 155 35
373 6 5 54 269 6
142 104 7 5 54 269 7
78 5 54 269 15
762 54 269 33
94 55 43 35
577 55 43 18
44 3 9 56 148 5
373 6 9 56 148 5
577 55 56 148 7
565 57 56 148 1
58 217 77
62 95 67
78 63 162 10
138 63 162 31
585 63 162 34
373 6 65 192 9
326 461 6 65 192 14
136 66 65 192 33
627 66 65 192 7
141 422 699 65 192 4
302 698 699 65 192 1
167 701 699 65 192 1
704 701 699 65 192 6
67 287 40
67 68 237 7
67 69 68 237 8
70 68 237 47
67 69 322 39
70 242 59
97 71 73 1 5
204 722 71 73 1 20
450 166 72 73 1 3
283 381 72 73 1 7
451 73 1 16
123 677 73 1 5
142 104 7 77 42 1
78 77 42 4
767 766 77 42 10
769 766 77 42 7
78 330 113
78 79 55 35
142 104 7 80 81 239 5
123 677 81 239 5
717 81 239 10
170 723 85 87 279 9
765 723 85 87 279 8
582 754 87 279 32
326 461 6 9 88 263 4
477 461 6 9 88 263 2
90 92 9 88 263 8
328 311 88 263 22
323 485 306 89 159 20
62 314 89 159 11
90 354 92
94 244 174
94 95 83 5
97 95 83 38
98 95 83 18
19 725 724 95 83 1
673 725 724 95 83 2
97 139 82
98 91 72
523 524 108 352 2
577 524 108 352 35
58 101 100 109 259 12
123 101 100 109 259 7
78 181 109 259 19
344 342 703 109 259 4
302 698 703 109 259 14
501 698 703 109 259 9
704 701 703 109 259 1
704 703 109 259 10
577 524 108 110 231 3
587 589 524 108 110 231 5
58 516 110 231 28
323 745 516 110 231 1
395 475 759 516 110 231 10
757 759 516 110 231 1
532 533 110 231 3
661 111 11 24
115 80 117
116 283 87
614 575 570 576 638 117 110 4
577 576 638 117 110 29
628 576 638 117 110 5
123 101 100 119 295 1
141 105 100 119 295 33
116 100 119 295 4
174 100 119 295 1
774 119 295 12
789 119 295 18
122 85 179
123 61 90
122 121 125 310 18
122 125 310 21
467 125 310 35
141 105 131 313 10
768 133 130 131 313 7
768 133 131 313 17
39 40 132 169 7
768 133 131 132 169 10
791 792 134 131 132 169 3
263 188 182 131 132 169 3
768 133 132 169 7
791 792 134 132 169 15
90 92 9 479 132 169 7
94 99 9 479 132 169 11
137 135 228 32
136 58 92
137 293 174
138 46 123
141 146 76
142 7 95
142 143 160 5
258 522 483 143 160 14
141 105 145 274 5
142 105 145 274 18
263 188 1 633 105 145 274 1
547 144 145 274 2
476 145 274 42
78 148 149 288 9
263 188 1 633 105 148 149 288 4
681 148 149 288 18
681 148 151 149 288 11
681 148 150 316 7
39 726 148 150 316 13
39 726 148 151 149 150 316 3
39 726 148 151 150 316 2
142 726 148 151 150 316 4
157 145 110
159 156 158 74 1
157 158 74 11
159 158 74 7
159 225 129
142 104 7 161 10 6
167 106 161 10 4
614 161 10 45
167 325 92
142 169 168 191 22
587 169 168 191 20
170 57 96
78 171 358 30
170 171 358 9
167 106 172 171 358 10
170 172 171 358 4
308 171 358 47
174 250 164
175 229 180
711 177 126 38
58 59 61 64 193 158 15
78 181 180 193 158 3
394 22 185 180 193 158 2
39 185 180 193 158 9
269 572 194 134 8
614 575 573 572 194 134 6
577 573 572 194 134 2
774 173 195 40 25
39 185 180 195 40 10
263 188 187 190 180 195 40 4
250 187 190 180 195 40 9
137 286 190 180 195 40 14
670 36 196 305 7
602 183 184 198 196 305 5
174 486 504 198 196 305 3
602 198 196 305 7
296 196 305 5
673 676 653 196 305 9
681 653 196 305 30
138 46 197 303 4
602 198 197 303 25
565 1 0 199 197 303 2
582 465 515 517 197 303 5
757 759 516 517 197 303 1
737 517 197 303 6
414 412 411 548 197 303 3
784 783 442 548 197 303 2
418 320 521 548 197 303 7
141 422 521 548 197 303 4
776 422 521 548 197 303 2
547 548 197 303 8
565 1 0 199 6 3
450 4 0 199 6 13
23 0 199 6 4
670 36 37 199 6 2
137 286 190 180 199 6 5
602 198 199 6 2
644 199 6 21
200 144 100
200 201 201 22
323 324 201 201 9
204 176 115
137 286 190 180 205 207 198 1
547 207 198 7
717 656 207 198 10
58 59 61 60 208 64 1
298 208 64 41
577 571 597 208 64 6
78 181 210 125 2
58 209 210 125 11
43 211 173 50
170 779 211 173 3
631 12 212 346 7
94 213 212 346 4
295 312 212 346 15
644 648 310 312 212 346 21
328 311 312 212 346 1
157 688 212 346 7
241 76 215 333 3
94 213 215 333 11
631 214 215 333 19
628 576 216 215 333 13
295 215 333 12
418 320 215 333 11
218 90 117
565 1 633 105 219 264 5
218 217 219 264 3
218 219 264 12
272 222 220 82 27
94 99 9 224 44 2
218 219 225 224 44 12
395 397 219 225 224 44 3
393 392 225 224 44 9
587 225 224 44 4
623 224 44 15
269 226 161 35
231 227 167 11
302 227 167 28
395 227 167 37
231 280 86
167 232 233 340 30
373 377 233 340 11
39 185 234 197 22
455 423 185 234 197 3
773 423 185 234 197 16
414 412 232 234 197 2
94 652 236 238 341 39
258 522 237 238 341 4
389 522 237 238 341 6
241 20 129
174 100 247 115 5
97 245 247 115 14
344 346 245 247 115 4
418 320 246 247 115 10
602 183 61 248 247 115 6
347 346 245 248 247 115 1
704 703 245 248 247 115 7
62 405 247 115 17
740 318 405 247 115 3
344 342 460 720 245 248 344 18
389 522 720 245 248 344 21
418 320 246 248 344 3
250 268 120
251 12 115
252 49 126
250 253 151 41
250 254 253 151 9
451 253 151 50
122 255 195 32
623 255 195 5
670 255 195 39
159 156 256 188 3
263 188 256 188 14
784 654 684 686 256 188 4
784 654 684 685 686 256 188 3
258 257 51 11
258 79 89
260 114 77
262 130 128
263 113 112
260 264 246 38
263 264 246 33
740 264 246 6
765 723 85 266 128 2
268 266 128 2
269 266 128 24
270 266 128 15
269 271 266 128 23
270 271 266 128 16
269 267 119 6
270 267 119 49
268 309 63
269 15 177
270 320 58
272 70 101
308 189 278 97 11
43 282 266 3
283 281 282 266 1
283 282 266 17
450 282 266 4
577 282 266 37
283 22 154
289 111 128
474 288 290 30 19
289 290 30 32
289 291 290 30 18
78 181 191 292 356 7
602 183 181 191 292 356 9
476 181 191 292 356 3
295 18 100
296 232 67
602 183 297 350 9
295 297 350 21
637 297 350 43
298 137 93
23 0 299 326 12
298 299 326 2
19 300 299 326 3
541 299 326 1
19 300 87 5
94 99 300 87 10
298 300 87 25
302 359 110
258 305 147 45
94 99 307 305 147 9
505 307 305 147 17
308 305 147 7
308 78 135
418 320 240 322 261 8
354 240 322 261 4
644 648 310 322 261 2
78 316 322 261 31
623 317 316 322 261 10
354 321 322 261 18
323 179 115
326 325 72 9
326 33 135
218 20 327 35 1
323 485 20 327 35 11
98 327 35 14
523 327 35 10
204 722 327 35 10
769 722 327 35 2
328 96 123
328 330 133 33
328 329 330 133 2
19 332 329 330 133 8
19 332 330 133 5
569 567 331 156 13
283 643 331 156 39
333 208 158
354 321 322 334 251 2
333 334 251 25
333 335 75 39
540 537 335 75 2
541 537 335 75 9
569 335 75 5
628 576 630 335 75 9
629 630 335 75 6
602 183 184 398 338 101 5
295 398 338 101 6
333 398 338 101 37
17 339 131 24
283 280 337 336 339 131 7
347 343 337 336 339 131 1
348 343 337 336 339 131 14
348 343 337 339 131 1
401 400 339 131 15
272 275 341 308 25
799 340 341 308 16
505 506 341 308 12
389 522 341 308 10
523 522 341 308 2
344 349 152
347 342 185
348 318 62
328 311 313 349 120 6
523 313 349 120 2
137 286 190 180 205 350 206 2
476 181 191 180 205 350 206 16
455 574 205 350 206 12
523 313 350 206 47
352 297 129
354 234 105
354 355 273 47
523 522 720 355 273 2
354 356 65 43
523 522 720 355 356 65 4
523 356 65 1
602 727 356 65 8
358 149 39
358 359 360 311 7
740 318 315 364 84 9
418 320 315 364 84 1
450 166 378 315 364 84 14
577 571 597 315 364 84 1
170 779 364 84 25
137 365 50 21
704 701 699 365 50 1
704 699 365 50 18
476 181 708 365 50 9
326 708 365 50 2
601 8 369 66 27
425 369 66 25
765 723 369 66 9
170 370 71 32
252 370 71 26
776 422 370 371 103 20
776 422 370 372 371 103 7
373 285 148
373 374 284 33
373 376 374 284 6
373 375 60 6
373 376 374 375 60 17
373 377 375 60 11
587 589 524 375 60 21
784 654 524 375 60 10
765 763 375 60 8
379 213 100
379 380 281 16
623 317 316 384 382 245 15
19 332 319 316 384 382 245 7
23 21 385 382 245 2
477 461 21 385 382 245 16
789 461 21 385 382 245 2
601 8 383 385 382 245 4
19 332 319 316 384 385 382 245 5
740 264 468 385 382 245 1
740 264 468 385 100 8
602 727 385 100 15
769 722 727 385 100 6
389 17 90
393 392 390 13 10
393 390 13 3
394 390 13 34
393 391 68 22
592 391 68 29
393 235 57
394 118 118
395 186 83
623 317 396 347 3
476 396 347 47
347 346 399 215 28
348 346 399 215 21
430 421 420 399 215 1
505 588 399 215 26
401 102 66
776 422 404 403 402 199 2
414 402 199 29
450 402 199 29
740 318 405 291 36
577 573 406 405 291 1
577 573 406 166 30
241 408 168 39
409 408 168 23
409 296 106
283 381 410 204 6
409 410 204 3
477 410 204 24
414 223 65
418 4 80
174 176 417 419 29 3
547 144 610 417 419 29 2
418 419 29 37
425 200 83
308 189 273 426 196 15
455 574 273 426 196 14
614 575 424 426 196 9
730 426 196 41
252 386 387 428 256 7
430 427 428 256 7
430 429 428 256 9
430 428 256 11
541 428 256 1
430 429 314 39
577 571 597 429 314 11
430 227 114
430 421 432 224 3
579 421 432 224 8
241 435 262 1
437 433 435 262 6
437 435 262 16
579 421 438 435 262 5
437 438 435 262 25
523 435 262 22
437 433 436 183 8
437 433 434 436 183 18
437 434 436 183 18
437 439 434 436 183 3
437 436 183 1
437 438 436 183 3
437 104 109
774 772 440 226 1
776 772 440 226 43
670 36 37 441 123 10
19 332 319 38 37 441 123 5
523 37 441 123 20
601 8 446 277 19
547 144 446 277 36
122 448 446 277 5
94 652 448 446 277 1
449 282 91
450 355 133
451 324 63
455 315 86
456 140 186
455 458 117 11
456 458 117 37
455 457 458 117 17
344 342 460 466 45 14
467 466 45 24
477 466 45 22
467 299 79
283 280 471 209 3
333 398 471 209 1
344 342 460 469 471 209 1
258 473 471 209 3
623 317 473 471 209 2
142 726 471 209 24
283 381 72 472 300 14
272 470 472 300 5
142 726 471 472 300 1
623 317 473 472 300 7
773 423 459 473 472 300 2
773 423 459 473 81 16
272 470 473 81 29
474 271 74
476 138 152
477 93 81
348 342 460 478 34 7
476 460 478 34 28
94 99 9 479 478 34 4
136 9 479 478 34 9
523 522 479 478 34 6
450 4 49 481 182 7
789 461 481 182 15
39 482 38 5
269 482 38 50
352 353 487 253 33
269 624 487 253 3
354 240 493 181 20
579 421 240 493 181 13
577 573 240 493 181 5
123 101 462 495 493 181 1
123 101 462 495 152 1
231 230 462 495 152 2
547 511 464 462 495 152 23
681 653 462 495 152 6
505 507 495 152 25
799 507 495 152 21
467 463 496 348 19
354 321 322 497 98 8
577 573 665 322 497 98 3
401 497 98 26
437 439 438 497 98 2
602 183 513 438 497 98 9
250 187 192 513 438 497 98 5
467 463 496 497 98 2
579 421 420 498 26 1
501 498 26 19
167 500 62 9
467 463 500 62 1
501 499 500 62 2
501 500 62 40
501 357 122
717 656 155 152 502 353 1
308 189 186 249 502 353 4
757 249 502 353 30
467 463 503 502 353 23
159 790 750 463 503 502 353 1
673 725 503 502 353 2
123 608 502 353 7
137 286 734 503 504 129 14
94 652 781 504 129 2
137 652 781 504 129 8
778 781 504 129 1
170 779 781 504 129 13
348 779 781 504 129 14
505 220 90
510 94 80
514 52 170
737 517 286 36
347 519 194 23
268 525 53 28
579 421 525 53 4
681 653 421 525 53 8
401 520 525 53 19
530 88 81
532 210 91
532 534 290 46
532 533 534 290 6
540 202 100
541 238 157
241 243 542 351 36
540 536 542 351 6
541 537 539 542 351 2
540 542 351 7
541 542 351 18
545 343 78
547 546 211 23
547 189 92
547 546 549 142 19
547 549 142 9
547 548 549 142 8
776 422 521 551 39 10
137 286 734 521 551 39 8
474 735 734 521 551 39 19
450 4 550 551 39 7
137 135 550 551 39 1
757 759 551 39 4
78 5 552 554 276 10
58 655 553 554 276 13
717 554 276 27
379 555 241 45
523 555 241 1
393 556 265 42
523 555 556 265 10
577 573 665 556 265 5
601 573 665 556 265 12
523 520 557 136 10
673 520 557 136 17
547 557 136 6
577 557 136 12
585 557 136 13
142 726 557 136 3
174 176 726 557 136 2
523 559 219 9
174 176 726 557 559 219 17
765 723 726 557 559 219 22
328 311 312 560 559 219 7
344 311 312 560 559 219 11
757 561 163 41
123 101 564 332 2
565 564 332 27
565 247 79
569 567 566 16 1
569 567 568 566 16 19
569 566 16 39
569 567 568 92 9
569 568 92 27
569 9 85
579 127 133
565 580 184 12
582 580 184 37
583 580 184 20
579 581 106 7
583 580 581 106 5
582 23 183
583 267 157
585 150 57
142 104 103 586 21 14
250 586 21 4
585 586 21 3
587 69 109
592 77 60
250 595 593 252 12
577 571 597 598 174 5
717 656 598 174 20
784 656 598 174 18
601 600 599 37 5
709 599 37 45
601 230 102
602 307 78
514 603 294 19
661 603 294 37
601 573 606 605 604 218 19
268 607 604 218 12
296 294 611 193 4
613 611 193 49
614 611 193 15
613 254 119
614 278 105
602 183 61 618 306 5
136 618 306 4
123 616 618 306 24
263 188 182 616 618 306 19
263 188 182 616 617 618 306 1
308 189 182 616 617 618 306 2
673 725 724 721 182 616 617 618 306 8
547 144 610 616 617 618 306 7
621 619 620 272 31
621 620 272 20
621 233 104
623 154 95
627 171 85
628 41 197
629 108 143
631 124 136
175 632 302 13
602 183 632 302 2
629 632 302 5
629 630 632 302 22
631 632 302 30
637 249 80
637 639 177 25
523 641 640 32 11
644 648 641 640 32 2
283 643 640 32 5
354 314 643 640 32 4
505 506 643 640 32 7
644 336 101
577 646 185 38
510 647 646 185 1
644 648 646 185 2
510 647 0 11
644 647 0 27
621 650 657 658 327 11
437 659 657 658 327 15
784 657 658 327 22
661 99 150
394 22 662 337 20
661 662 337 26
241 76 75 74 663 170 4
241 76 74 663 170 5
138 102 663 170 3
769 722 102 663 170 8
142 104 103 663 170 8
58 655 103 663 170 7
582 651 663 170 11
673 663 170 13
583 664 331 43
295 666 329 44
565 1 667 105 33
263 261 667 105 1
137 652 668 667 105 2
123 749 667 105 11
523 749 667 105 14
670 63 87
628 672 31 6
514 671 672 31 6
673 222 104
123 677 5 9
673 677 5 45
678 141 109
678 680 153 8
681 682 680 153 29
681 175 97
401 689 203 26
326 47 634 689 203 10
661 634 689 203 12
784 654 689 203 3
629 691 255 41
58 655 691 255 13
62 655 691 255 2
62 655 691 693 304 15
673 520 525 692 693 304 11
250 187 192 694 693 304 1
251 187 192 694 693 304 2
401 400 694 693 304 3
601 573 400 694 693 304 11
358 696 14 37
358 359 696 14 9
344 695 697 221 27
501 698 700 319 38
704 698 700 319 4
704 700 319 18
704 248 72
505 506 643 331 129 705 28 1
137 652 129 705 28 6
251 187 192 705 28 3
621 650 573 705 28 3
623 705 28 1
296 706 705 28 7
326 708 705 28 10
681 653 421 420 708 705 28 1
787 420 708 705 28 19
541 708 705 28 3
592 708 705 28 6
174 176 707 67 7
592 708 705 707 67 11
296 706 707 67 32
62 655 706 707 67 2
592 708 707 67 8
709 338 43
175 107 710 116 6
532 710 116 3
62 655 710 116 4
784 783 710 116 28
711 270 110
789 461 6 715 180 2
583 580 581 715 180 4
718 714 715 180 9
717 715 180 17
718 715 180 13
791 793 715 180 2
717 54 70
718 317 92
769 722 720 728 86 9
765 723 720 728 86 4
621 650 221 729 24 13
765 723 720 729 24 1
730 729 24 6
730 731 729 24 16
389 732 729 24 6
730 132 68
730 733 328 44
389 732 733 328 19
474 735 143 20
704 698 736 56 24
737 736 56 9
737 25 85
737 736 738 27 2
737 738 27 6
787 420 739 738 27 14
740 178 77
741 335 94
614 575 570 742 205 5
582 570 742 205 23
741 742 205 34
741 744 742 205 11
740 743 339 28
740 746 743 339 10
523 749 748 298 7
159 790 750 748 298 23
505 588 753 164 14
326 752 753 164 9
741 744 752 753 164 9
24 26 796 753 164 14
769 722 727 796 753 164 8
19 332 756 755 257 15
328 332 756 755 257 16
757 755 257 17
757 758 755 257 4
757 19 130
78 79 760 275 4
142 104 79 760 275 4
673 79 760 275 7
437 439 434 760 275 4
769 722 760 275 7
762 216 69
762 764 236 40
765 764 236 3
765 157 95
767 36 93
768 135 135
769 289 105
773 8 131
774 207 107
776 345 90
78 5 552 131 777 112 5
348 779 552 131 777 112 5
673 725 724 777 112 13
778 243 79
778 780 260 31
348 779 780 260 9
62 782 107 43
784 214 123
787 59 118
789 48 91
791 334 51
791 793 187 35
174 100 795 109 4
449 795 109 31
769 722 727 796 795 109 1
673 725 724 727 796 795 109 1
787 724 727 796 795 109 3
673 725 727 796 795 109 7
799 258 119
