632

8 61 46
9 197 135
529 0 12 228 10
15 240 114
16 31 68
19 32 188
21 180 77
6 3 1 23 46 12
602 1 23 46 4
27 25 244 29
433 432 25 244 9
784 25 244 2
26 124 103
27 54 35
403 402 24 28 331 2
784 25 28 331 9
26 28 331 11
27 28 331 6
244 28 331 11
31 30 115 23
33 30 115 41
35 30 115 27
31 128 132
33 283 175
34 114 116
35 194 123
2 36 181 25
2 38 37 198 3
480 37 198 8
627 37 198 39
2 38 342 45
129 38 342 12
39 225 48
40 116 70
611 425 426 41 120 16
767 426 41 120 29
562 594 41 120 4
44 18 132
772 50 344 34
572 52 51 77 1
120 119 51 77 6
576 51 77 9
56 4 53 10 22
631 53 10 10
54 211 56
56 258 118
59 280 130
61 187 91
64 151 99
5 65 67 248 17
70 71 142
403 657 72 316 16
698 213 73 74 347 22
207 206 74 347 13
416 241 74 347 26
626 622 74 347 2
750 223 77 210 16
87 673 77 210 28
454 673 77 210 6
87 359 137
88 26 93
87 91 250 12
88 91 250 13
87 89 91 250 6
95 311 63
98 97 164 47
612 97 164 16
98 314 44
81 99 288 14
100 99 288 12
86 228 99 288 8
100 4 81
100 101 171 2
102 101 171 48
179 101 171 3
102 19 90
103 232 128
105 62 167
113 111 109 350 22
615 111 109 350 5
311 112 109 350 7
113 109 350 35
502 226 487 109 350 5
483 487 109 350 1
113 333 125
114 82 61
116 38 42
117 358 51
120 192 79
5 121 2 15
122 88 48
156 787 123 124 156 16
702 359 125 126 124 156 11
502 518 126 124 156 9
127 204 68
129 249 55
133 99 109
134 233 89
168 137 136 260 14
139 37 105
35 85 143 206 12
559 549 141 142 143 206 6
611 141 142 143 206 1
5 78 543 143 206 12
86 144 64 3
145 144 64 39
145 214 130
145 146 234 24
86 148 136 22
6 157 87 8
59 150 157 87 21
59 150 160 313 5
576 161 160 313 32
256 160 313 23
163 334 161
163 164 49 22
165 164 49 12
165 40 101
163 166 9 6
165 166 9 43
81 96 167 348 7
685 96 167 348 35
168 167 348 24
168 212 88
168 151 169 143 3
368 151 169 143 1
661 497 498 171 169 143 2
720 171 169 143 21
685 684 169 143 5
70 170 247 28
454 170 247 1
637 170 247 5
173 172 202 13
416 172 202 3
173 152 86
173 174 6 21
316 174 6 5
368 174 6 2
173 152 176 14 5
306 175 176 14 10
177 176 14 2
593 690 176 14 7
177 271 103
179 297 160
180 126 85
182 329 70
62 184 44 25
127 183 184 44 6
401 183 184 44 11
34 187 57 8
296 187 57 14
44 188 296 2
154 188 296 37
419 550 188 296 9
35 190 354 3
408 190 354 32
663 191 34 45
86 194 68 9
195 194 68 20
689 399 194 68 5
417 194 68 34
195 92 122
196 295 56
199 198 197 325 3
199 197 325 12
725 198 81 50
199 91 70
56 200 177 23
287 227 200 177 9
296 227 200 177 1
5 202 330 13
368 151 155 202 330 2
196 155 202 330 10
296 227 200 202 330 3
291 769 200 202 330 1
779 202 330 7
203 50 46
203 204 28 21
207 206 205 51 16
207 205 51 14
100 632 205 51 2
207 277 45
208 79 35
210 165 60
211 243 42
156 214 39 18
5 215 214 39 19
5 215 183 20
626 624 215 183 9
705 624 215 183 5
210 216 302 9
705 624 215 214 216 302 12
705 624 215 216 302 3
173 581 216 302 7
582 581 216 302 5
156 219 111 34
720 539 217 219 111 1
229 275 98
230 327 111
229 231 119 8
230 231 119 13
797 231 119 36
408 236 234 235 75 8
408 236 235 75 1
237 145 105
237 220 238 12 6
566 239 242 294 8
416 241 240 242 294 17
668 315 240 242 294 4
661 240 242 294 2
725 240 242 294 3
244 129 121
246 328 31
251 247 250 33 3
251 250 33 27
580 250 33 3
251 144 129
253 335 110
256 351 116
437 261 20 21
263 160 77
750 223 264 127 8
263 264 127 28
663 264 127 7
265 287 127
265 266 107 13
368 151 269 309 32
273 270 269 309 12
480 269 309 37
273 270 274 33
273 271 135 20
274 5 112
275 60 130
276 137 53
280 122 103
282 281 285 1
282 306 81
284 224 68
284 285 117 40
287 186 73
288 264 69
291 209 139
296 21 108
6 297 80 23
21 297 80 5
475 473 297 80 1
725 297 80 2
199 298 357 15
299 298 357 20
299 268 85
273 301 254 6
299 298 301 254 10
729 318 298 301 254 3
626 298 301 254 4
299 301 254 16
237 220 258 305 36 12
306 305 36 32
306 346 167
408 400 406 159 307 158 19
306 307 158 27
511 512 307 158 17
81 309 263 46
661 497 309 263 5
320 167 153
322 200 49
322 323 286 18
324 185 133
326 190 62
327 292 58
330 161 101
311 332 130 10
320 332 130 33
392 331 332 130 16
392 331 333 43 6
720 539 333 43 14
631 333 43 36
311 334 203 1
280 335 334 203 4
337 15 81
337 338 340 134 5
374 373 340 134 27
698 665 340 134 21
703 340 134 23
345 266 113
349 13 135
725 240 352 307 31
311 312 352 307 6
316 312 352 307 2
316 353 355 336 28
316 353 357 133 12
694 697 696 357 133 19
177 366 169 12
588 589 366 169 38
368 84 68
368 370 367 369 105 6
284 770 367 369 105 22
368 369 105 18
698 665 369 105 13
371 141 103
403 402 24 314 372 25 21
417 418 314 372 25 5
374 101 99
376 375 65 24
296 595 375 65 13
678 595 375 65 4
376 207 73
86 80 381 123 1
668 315 381 123 7
727 786 315 381 123 1
368 252 384 226 20
720 384 226 13
316 386 163 13
582 385 386 163 9
401 406 387 386 163 9
54 388 386 163 6
502 226 412 386 163 1
401 406 387 106 1
689 452 406 387 106 21
732 387 106 6
774 387 106 33
792 785 782 387 106 9
316 389 76 13
586 389 76 4
586 389 390 343 4
392 23 55
393 179 43
397 132 73
502 226 412 410 175 17
229 60 413 410 175 8
454 410 175 15
416 253 68
417 301 73
419 83 87
27 422 93 1
419 422 93 15
401 423 420 422 93 2
419 421 422 93 16
401 423 422 93 1
419 423 422 93 7
424 339 71
428 150 119
429 121 75
705 29 430 147 8
428 430 147 33
429 430 147 6
433 246 61
437 59 110
439 53 63
440 245 100
6 3 441 338 5
371 441 338 21
440 441 338 44
154 444 17 4
466 443 444 17 9
663 444 17 3
685 712 711 444 17 10
446 42 61
448 154 172
449 58 78
448 450 322 45
449 450 322 36
454 353 75
458 457 269 29
458 178 111
208 463 461 462 48 1
208 463 462 48 23
679 462 48 29
466 464 149 27
475 464 149 3
466 139 81
345 344 467 102 4
471 469 467 102 5
471 467 102 28
70 470 73 36
471 470 73 1
471 113 117
723 42 472 109 46
156 787 42 472 109 3
120 119 118 472 109 1
288 472 109 2
689 452 406 472 109 1
698 736 735 472 109 2
475 293 76
479 476 341 46
479 72 27
480 345 59
56 4 481 138 8
62 4 481 138 38
483 11 50
408 488 0 21
637 488 0 10
637 488 489 238 3
320 495 320 33
689 399 495 320 23
496 495 320 17
496 66 59
576 499 300 30
698 499 300 15
511 155 96
514 168 91
516 218 60
519 35 129
521 241 81
349 528 27 32
502 528 27 15
529 103 128
503 532 530 272 15
534 45 97
535 173 84
720 539 537 216 7
798 537 216 18
626 43 540 195 16
196 155 540 195 13
244 243 544 205 13
727 721 243 544 205 3
5 78 543 544 205 6
299 543 544 205 2
709 708 543 544 205 16
15 546 189 18
685 96 546 189 7
552 291 185
559 52 59
562 282 70
563 8 90
566 564 104 22
44 565 174 21
566 565 174 15
727 721 565 174 7
567 96 81
569 568 97 46
569 352 107
569 570 310 22
572 94 72
573 281 47
287 310 574 575 303 21
316 310 574 575 303 18
576 575 303 5
576 69 68
577 221 92
578 229 48
580 230 53
582 157 213
582 583 63 36
719 583 63 15
586 270 68
588 118 138
81 597 100 18
590 597 100 8
773 597 100 13
598 324 216
600 304 133
598 601 16 43
602 601 16 27
603 601 16 45
603 208 137
604 276 65
604 605 259 7
609 608 606 74 8
609 606 74 30
609 256 120
611 255 118
612 162 53
611 613 108 1
612 613 108 24
273 270 614 213 3
503 614 213 15
611 614 213 2
612 614 213 8
615 153 102
619 618 317 19
619 98 76
619 620 279 32
626 622 621 159 27
403 625 356 44
626 625 356 1
626 290 202
627 299 99
6 14 630 217 8
6 504 630 217 13
631 628 630 217 13
529 629 630 217 13
685 712 713 630 217 5
5 633 315 30
88 92 633 315 14
588 633 315 28
521 634 633 315 15
635 634 633 315 13
635 633 315 17
635 201 89
635 634 636 284 5
635 636 284 41
637 176 175
246 639 56 38
637 639 56 17
642 239 59
644 223 108
644 647 199 11
345 646 647 199 15
644 646 647 199 9
516 517 648 261 7
417 418 314 649 648 261 7
503 649 648 261 6
642 649 648 261 3
678 595 653 648 261 3
678 595 653 648 651 237 1
642 649 651 237 6
678 595 653 651 237 9
784 651 237 27
659 146 73
2 667 41 12
668 667 41 21
668 337 173
668 667 669 326 17
668 669 326 31
34 670 669 326 6
256 255 670 669 326 1
674 340 88
675 142 50
678 188 69
679 29 83
458 680 262 16
675 660 680 262 32
685 112 129
686 172 65
61 687 312 17
685 684 687 312 26
686 687 312 17
689 691 85 35
692 691 85 44
692 170 83
689 693 267 30
694 47 118
2 350 695 308 1
129 38 350 695 308 7
694 697 695 308 6
698 695 308 36
572 700 265 18
701 662 700 265 4
701 349 60
702 219 60
703 227 112
701 704 148 28
702 704 148 18
705 86 62
709 298 88
796 793 715 716 222 3
717 110 56
698 665 718 321 14
717 718 321 4
719 718 321 19
719 24 46
720 728 30 27
729 236 48
731 231 44
732 257 75
602 1 734 305 4
287 286 734 305 29
511 509 510 734 305 22
511 510 734 305 8
603 510 734 305 4
698 736 734 305 5
698 736 1 34
727 721 736 1 28
103 742 744 3 1
582 290 743 744 3 24
745 184 66
311 112 746 55 5
747 746 55 13
311 557 748 746 55 10
70 749 746 55 2
747 67 127
311 557 748 90 4
747 748 90 20
70 749 22 6
120 749 22 11
368 151 260 749 22 7
637 151 260 749 22 1
723 749 22 10
747 749 22 50
750 193 89
324 752 7 41
9 754 752 7 2
796 753 755 752 7 17
9 754 215 42
59 150 754 215 12
316 310 754 215 19
6 504 724 754 215 3
572 52 757 78 13
466 757 78 30
330 756 757 78 10
759 70 122
760 252 72
759 761 125 46
760 761 125 1
762 140 109
763 131 82
767 278 86
403 90 768 251 4
552 132 130 768 251 11
311 768 251 26
6 504 724 768 251 3
291 769 768 251 1
772 332 51
773 182 141
774 191 46
776 318 82
779 166 99
784 355 111
129 38 350 788 89 5
727 788 89 36
393 391 790 323 8
429 391 790 323 27
727 790 323 22
750 790 323 9
702 791 242 12
727 791 242 17
792 791 242 14
796 791 242 2
797 791 242 1
792 235 69
792 794 196 16
796 793 794 196 18
5 7 795 794 196 3
796 794 196 38
5 7 795 220 7
792 7 795 220 3
796 795 220 1
797 795 220 35
796 273 118
797 319 81
798 95 62
799 289 48
