834

757 4 7 267 1
9 7 267 23
697 0 10 7 267 11
9 254 102
9 8 10 156 8
9 10 156 35
697 0 11 149 7
697 0 12 336 19
506 161 71 13 12 336 10
506 161 71 13 344 14
635 13 344 7
15 227 85
15 18 17 349 34
213 17 349 16
506 6 19 61 4
693 521 162 19 61 12
566 162 19 61 25
378 661 19 61 18
750 20 21 347 5
272 260 1 22 21 347 11
272 260 264 647 21 347 3
281 260 264 647 21 347 10
189 537 649 647 21 347 5
654 21 347 17
25 43 167
27 291 120
591 28 29 79 4
389 418 663 29 79 21
378 661 663 29 79 4
32 159 120
33 229 151
34 57 101
35 283 137
36 85 87
286 40 42 118 2
775 41 42 118 6
36 543 42 118 15
618 631 42 118 21
774 773 42 118 9
44 247 88
47 46 335 28
47 258 68
54 52 50 49 32 1
178 354 52 50 49 32 6
51 49 32 2
178 354 52 49 32 5
636 52 49 32 2
756 52 49 32 35
54 53 49 32 8
54 49 32 18
717 716 713 438 772 49 32 1
51 298 87
54 26 107
291 534 490 57 83 22
636 490 57 83 16
697 57 83 2
178 779 57 83 24
60 275 71
60 61 117 3
62 61 117 39
335 168 163 188 61 117 7
189 188 61 117 2
62 92 89
506 6 63 64 333 10
750 628 623 64 333 23
68 66 106 34
506 6 67 322 28
68 69 67 322 6
618 631 67 322 1
131 745 67 322 6
68 154 123
315 313 80 79 64 7
281 260 1 70 81 79 64 7
673 74 78 70 81 79 64 2
217 81 79 64 4
458 79 64 11
676 79 64 36
217 81 288 30
326 400 81 288 2
82 112 162
82 83 172 19
82 85 83 172 15
672 88 89 17 15
95 94 93 217 22
95 93 217 14
638 93 217 36
754 93 217 12
95 18 68
96 208 78
673 74 78 72 98 222 1
607 72 98 222 3
368 73 75 97 98 222 12
121 182 75 97 98 222 3
717 75 97 98 222 17
618 616 98 222 5
101 142 140
15 102 317 18
15 183 102 317 27
68 103 305 25
311 105 103 305 19
240 103 305 5
368 73 104 181 9
311 105 104 181 9
281 260 263 320 104 181 9
319 320 104 181 24
508 320 104 181 11
107 148 66
717 75 113 112 327 14
62 116 114 326 15
607 114 326 32
774 773 114 326 8
62 116 115 244 22
774 117 115 244 13
250 629 115 244 27
704 629 115 244 11
121 119 118 263 17
121 118 263 28
776 118 263 26
121 179 88
121 119 123 253 9
121 123 253 13
178 160 344 123 253 6
155 468 123 253 5
36 543 620 123 253 4
750 628 620 123 253 1
512 127 193 18
478 627 127 193 29
131 3 120
368 73 76 133 309 2
47 134 132 133 309 1
689 134 132 133 309 8
689 134 133 309 42
154 358 136 137 237 4
47 139 138 137 237 12
172 138 137 237 16
47 139 137 237 4
140 132 82
140 141 330 17
486 484 141 330 13
673 74 76 142 73 9
140 142 73 6
512 552 142 73 45
144 143 104 38
144 183 31
673 74 78 150 225 3
514 78 150 225 9
256 169 151 150 225 11
154 260 122
155 284 99
157 194 125
157 159 287 18
240 159 287 17
172 171 170 74 7
172 170 74 12
173 170 74 43
173 174 170 74 6
172 81 112
173 157 101
140 177 245 16
178 177 245 16
33 262 584 177 245 8
315 262 584 177 245 4
178 147 59
566 162 185 114 1
131 745 187 185 114 3
717 713 185 114 20
189 41 79
190 328 98
34 194 353 18
519 520 518 192 194 353 2
553 192 194 353 7
486 530 193 194 353 13
618 538 599 193 194 353 1
213 165 195 153 11
717 713 185 195 153 3
506 6 164 196 195 153 8
240 167 164 196 195 153 1
330 265 198 195 153 6
369 199 195 153 17
330 265 198 197 356 25
369 199 197 356 25
378 661 199 197 356 13
107 710 199 197 356 2
207 310 68
207 209 127 8
207 208 209 127 6
9 637 209 127 4
101 637 209 127 14
240 167 164 210 122 7
207 164 210 122 9
421 356 210 122 21
213 212 272 16
213 91 67
214 199 116
215 67 83
215 216 90 12
217 216 90 42
723 216 90 17
217 277 95
214 218 190 16
215 218 190 39
214 220 52 45
221 220 52 34
222 220 52 39
315 262 584 220 52 6
678 584 220 52 3
221 205 75
222 77 119
221 219 223 232 8
704 629 219 223 232 22
221 223 232 4
213 165 224 259 13
178 354 224 259 10
240 167 230 96 8
256 431 231 198 5
449 452 231 198 8
315 531 231 198 29
235 234 323 49
236 234 323 4
281 234 323 19
569 234 323 7
235 274 135
236 150 100
240 246 121
243 358 89
514 78 70 246 278 3
96 70 246 278 4
82 711 712 70 246 278 19
336 446 238 249 62 3
250 249 62 17
253 249 62 12
250 155 163
253 252 5 13
662 252 5 25
253 54 91
254 297 89
255 162 77
256 306 107
315 447 91 270 10 1
768 91 270 10 7
272 270 10 38
273 270 10 15
272 271 95 19
273 271 95 27
272 138 92
273 111 118
25 5 277 15 18
278 277 15 13
280 277 15 9
336 446 277 15 11
278 133 117
280 337 72
281 228 129
281 282 34 36
284 282 34 3
281 283 59 39
284 283 59 3
519 283 59 27
284 35 98
286 285 66 33
286 265 71
240 241 239 287 329 5
286 287 329 16
51 383 287 329 29
682 625 287 329 7
291 292 288 289 262 9
291 290 289 262 30
291 289 262 21
291 292 289 262 1
291 140 85
673 74 76 125 293 13 1
514 78 76 125 293 13 3
131 745 742 78 76 125 293 13 1
787 124 125 293 13 17
35 261 293 13 2
306 261 293 13 7
460 2 294 293 13 3
642 491 744 293 13 3
506 744 293 13 31
460 2 294 295 346 9
315 316 734 737 294 295 346 5
368 73 767 295 346 9
676 73 767 295 346 7
768 769 295 346 14
27 298 321 32
672 88 532 298 321 11
326 400 299 252 23
315 531 299 252 9
300 2 133
306 286 187
308 109 122
309 196 131
311 273 80
672 88 312 281 10
500 313 312 281 21
315 312 281 1
315 316 312 281 9
253 165 622 312 281 6
340 651 653 655 312 281 7
654 655 312 281 2
107 710 312 281 4
315 248 80
319 70 52
306 307 321 189 1
319 321 189 18
508 320 321 189 1
506 321 189 21
319 322 209 29
508 320 322 209 3
326 174 111
330 329 87 29
330 354 78
756 333 42 38
776 333 42 43
508 799 333 42 10
697 0 334 242 5
330 265 334 242 11
278 279 334 242 32
507 334 242 3
335 345 212
336 210 156
335 338 175 36
336 338 175 18
335 337 338 175 9
240 339 40 9
281 260 339 40 17
286 260 339 40 17
340 339 40 14
340 72 137
178 160 344 341 124 1
775 160 344 341 124 21
306 261 344 341 124 5
178 779 341 124 8
306 261 344 342 50 7
522 344 342 50 21
795 344 342 50 3
36 37 345 213 22
190 181 345 213 4
512 513 346 345 213 6
221 542 346 345 213 5
788 345 213 1
9 448 31 349 158 12
676 73 77 349 158 9
319 77 349 158 1
750 77 349 158 17
676 73 562 349 158 4
708 596 349 158 14
172 351 362 220 1
172 351 364 126 10
311 105 363 364 126 8
701 363 364 126 3
774 350 357 365 364 126 3
178 779 366 364 126 7
774 350 357 365 113 11
676 355 357 365 113 17
546 426 357 365 113 13
82 711 365 113 4
754 365 113 8
157 790 365 113 11
368 180 108
369 137 72
460 2 371 125 17
15 183 267 371 125 17
286 260 267 371 125 1
395 423 371 125 24
768 770 371 125 8
768 769 770 371 125 9
768 771 770 371 125 3
381 352 374 28 18
478 352 374 28 7
546 352 374 28 6
60 375 105 22
500 375 105 2
340 740 375 105 20
377 376 21 35
377 249 156
378 4 139
377 376 379 103 11
377 379 103 19
378 379 103 18
380 379 103 5
380 223 184
381 11 82
25 385 197 9
381 385 197 5
178 354 382 385 197 4
154 358 444 443 269 386 292 14
514 443 269 386 292 14
389 386 292 20
389 51 90
676 355 442 391 146 2
9 448 442 391 146 3
774 391 146 17
393 240 100
395 80 153
326 396 192 20
395 396 192 9
393 397 396 192 31
326 400 398 187 1
144 143 477 398 187 3
478 477 398 187 42
309 401 169 9
693 402 401 169 30
506 585 401 169 17
403 219 81
403 404 239 12
403 405 404 239 5
286 260 266 406 404 239 8
486 266 406 404 239 1
403 406 404 239 19
416 404 239 10
673 74 457 404 239 8
403 406 312 31
60 59 407 7 10
315 262 59 407 7 2
240 242 407 7 16
33 128 408 409 407 7 15
286 260 267 408 409 407 7 3
421 267 408 409 407 7 17
330 265 411 315 4
787 786 265 411 315 6
236 410 411 315 31
413 44 94
478 412 415 33 8
413 415 33 42
416 218 113
417 145 172
421 49 91
750 628 620 422 425 338 6
762 620 422 425 338 1
395 423 425 338 14
335 168 424 425 338 6
395 423 424 425 338 11
598 423 424 425 338 15
428 341 94
432 316 74
236 433 110 1
750 426 357 433 110 1
654 357 433 110 33
157 790 357 433 110 1
154 358 434 136 8
157 435 357 35
436 435 357 9
436 116 98
154 358 437 144 1
436 437 144 13
34 439 437 144 13
34 439 251 13
436 439 251 35
449 107 83
121 450 135 10
34 440 450 135 2
514 443 440 450 135 10
449 450 135 18
449 451 450 135 9
449 452 450 135 12
512 552 142 453 188 2
607 142 453 188 12
514 443 440 454 453 188 4
336 446 440 454 453 188 16
33 741 453 188 32
642 741 453 188 7
121 120 455 215 2
633 120 455 215 18
9 448 442 455 215 10
456 455 215 11
673 74 457 455 215 11
458 457 455 215 4
459 455 215 1
460 455 215 40
456 177 74
458 457 178 16
459 457 178 6
460 457 178 28
672 457 178 26
458 348 145
459 212 90
460 301 148
378 106 461 261 3
506 161 71 533 461 261 5
315 531 533 461 261 4
672 88 532 531 533 461 261 5
291 534 533 461 261 9
462 236 83
15 16 463 163 12
213 17 16 463 163 13
462 463 163 4
478 627 463 163 11
155 468 270 35
68 69 473 58 21
378 69 473 58 5
9 448 442 473 58 3
421 126 259 469 473 58 11
421 126 259 469 470 473 58 8
757 469 470 473 58 8
478 53 126
47 46 482 173 4
36 483 481 482 173 26
36 483 482 173 11
486 485 355 12
486 342 104
486 484 487 280 20
486 487 280 12
507 505 487 280 5
340 651 652 487 280 1
654 652 487 280 6
221 542 346 488 285 11
636 490 488 285 31
273 630 488 285 18
762 620 630 488 285 11
642 491 492 302 23
642 491 494 493 492 302 10
642 491 495 492 302 13
315 498 6 2
403 498 6 12
436 498 6 6
500 499 498 6 1
500 498 6 1
500 89 94
697 502 45 34
512 244 503 120 34
506 504 445 503 120 9
506 36 252
507 238 156
508 343 100
673 45 509 311 30
506 504 445 509 311 14
508 445 509 311 7
654 509 311 17
512 296 132
514 224 71
326 515 30 12
101 637 639 515 30 4
638 637 639 515 30 35
335 168 163 517 516 119 2
33 191 163 517 516 119 8
519 108 196
519 520 99 25
522 289 115
607 142 526 282 3
330 526 282 44
107 108 529 526 282 5
9 448 528 527 185 4
214 448 528 527 185 15
254 539 320 26
618 538 539 320 7
682 539 320 34
506 585 798 540 129 3
291 534 586 585 798 540 129 1
750 628 585 798 540 129 5
754 753 585 798 540 129 16
486 530 544 151 15
291 534 531 530 544 151 11
546 545 544 151 3
546 544 151 17
546 545 195 25
546 24 110
336 446 238 547 235 11
676 73 550 548 547 235 2
566 565 548 547 235 13
568 565 548 547 235 12
638 548 547 235 4
514 443 594 14 549 257 6
717 75 97 549 257 15
172 171 97 549 257 2
684 97 549 257 10
676 73 550 549 257 12
768 550 549 257 13
512 552 551 143 1
553 551 143 9
512 552 554 551 143 2
553 554 551 143 9
553 339 102
557 325 163
559 121 96
560 266 108
676 73 562 12 8
564 562 12 30
564 563 182 36
564 308 53
566 221 87
568 567 352 34
568 131 86
569 20 57
569 571 56 31
25 5 575 38 10
9 8 575 38 8
754 8 575 38 5
51 575 38 10
546 352 374 575 38 15
284 577 186 34
291 534 533 577 186 2
54 570 577 186 28
717 578 577 186 3
717 578 580 23 7
155 579 580 23 6
254 579 580 23 9
754 579 580 23 29
754 579 581 580 23 5
378 661 663 580 23 7
662 663 580 23 12
172 587 76 47
36 733 587 76 14
403 535 590 0 5
393 589 590 0 24
591 39 87
592 264 80
598 230 164
107 710 199 600 304 25
618 538 599 600 304 9
478 412 609 603 602 97 3
618 538 609 603 602 97 5
272 604 602 97 13
189 537 604 602 97 2
618 538 609 603 604 602 97 3
618 538 609 603 604 63 14
121 605 14 10
607 605 14 23
607 78 93
121 613 610 612 152 1
213 17 16 611 612 152 13
306 304 16 611 612 152 2
462 16 611 612 152 5
717 75 113 112 611 612 152 2
240 159 611 612 152 6
121 613 611 612 152 11
421 613 611 612 152 9
638 353 731 611 612 152 1
421 613 612 152 22
131 745 613 612 152 7
618 170 137
762 620 630 314 18
618 631 630 314 20
36 632 200 12
300 536 632 200 9
633 299 78
635 71 89
636 332 173
638 65 71
642 268 77
240 241 644 8 24
633 621 644 8 16
787 786 644 8 7
189 537 649 647 648 271 4
300 536 537 649 647 648 271 9
654 647 648 271 5
654 652 94 23
340 651 653 176 12
654 653 176 32
654 168 94
654 655 102 42
636 634 623 657 123 2
662 623 657 123 13
659 658 657 123 7
659 657 123 26
659 658 202 24
659 256 35
140 111 109 660 303 1
253 165 622 660 303 1
693 521 622 660 303 7
662 623 660 303 10
421 267 640 660 303 13
178 354 640 660 303 4
236 410 354 640 660 303 9
638 637 639 640 660 303 5
378 661 29 1
662 661 29 42
662 241 198
96 664 184 42
315 664 184 7
395 561 664 184 1
662 664 184 4
666 130 100
559 558 667 269 29
666 665 667 269 7
666 667 269 2
666 668 294 19
33 669 1 10
300 669 1 32
300 669 670 22 16
671 670 22 19
671 233 93
672 307 117
673 211 99
672 674 60 16
673 674 60 37
676 231 118
787 786 265 198 677 101 2
82 85 626 677 101 4
311 626 677 101 2
633 621 626 677 101 15
678 677 101 27
678 161 120
666 624 679 214 6
678 679 214 43
403 535 146 680 359 7
507 535 146 680 359 6
682 681 680 359 22
682 680 359 3
682 46 105
684 166 89
155 687 141 25
207 687 141 38
684 687 141 9
428 685 687 141 18
403 688 139 25
460 455 688 139 9
428 685 688 139 7
684 685 688 139 3
689 688 139 3
689 47 80
750 628 225 690 88 10
635 690 88 6
689 690 88 3
131 745 211 691 313 7
693 521 691 313 14
693 521 691 692 37 7
693 691 692 37 1
335 337 694 691 692 37 12
693 692 37 2
335 337 694 692 37 4
693 201 94
335 337 694 350 20
336 337 694 350 6
792 441 694 350 14
682 625 694 350 18
693 694 350 16
591 695 255 27
697 226 148
701 75 98
240 702 243 3
335 702 243 43
697 702 243 6
701 702 243 14
704 171 96
708 191 107
214 448 528 709 319 12
708 707 709 319 10
708 709 319 46
780 264 714 128 24
381 714 128 29
416 715 134 5
635 715 134 14
717 300 97
559 719 721 216 16
723 351 86
598 423 424 724 86 3
723 722 724 86 6
723 724 86 40
708 707 725 93 33
723 722 725 93 26
723 725 93 6
774 391 726 55 1
775 160 727 726 55 3
82 711 727 726 55 20
729 68 82
704 127 732 334 9
638 353 731 732 334 4
36 733 738 203 24
140 743 735 733 738 203 6
140 743 735 738 203 18
780 743 735 738 203 9
748 747 746 16 6
748 746 16 37
255 749 746 16 2
666 749 746 16 1
750 746 16 33
748 31 98
750 19 105
607 72 751 48 23
486 266 751 48 34
340 740 751 48 9
131 745 740 751 48 6
754 250 172
754 753 755 25 21
754 755 25 1
756 755 25 12
756 290 73
757 115 52
486 266 759 167 4
335 476 759 167 19
757 759 167 22
757 758 759 167 1
82 85 760 69 5
432 760 69 28
762 761 160 21
762 293 141
315 316 734 764 98 8
642 734 764 98 32
780 743 735 734 764 98 4
642 741 764 98 2
131 745 741 764 98 9
662 745 741 764 98 10
676 73 767 764 98 6
416 420 767 764 98 5
416 420 767 765 276 14
417 420 767 765 276 2
787 786 39 525 767 765 276 12
82 85 83 766 165 25
787 786 39 525 767 764 766 165 15
522 525 767 764 766 165 3
522 525 767 766 165 14
618 538 537 767 766 165 1
107 710 537 767 766 165 9
768 295 85
774 318 78
775 206 99
776 279 55
780 204 178
381 783 9 14
449 783 9 36
618 619 785 783 9 2
25 24 784 207 7
428 784 207 28
672 88 532 784 207 1
780 743 784 207 24
787 164 123
788 340 91
678 584 789 84 26
787 789 84 34
788 789 84 17
701 791 234 21
506 744 791 234 13
662 745 744 791 234 8
792 331 113
662 745 744 793 100 10
792 793 100 41
795 793 100 27
792 794 82 34
795 794 82 12
795 324 94
506 161 226 797 27 19
280 797 27 12
508 799 797 27 28
