360

339 0 51
85 1 71
327 2 12
644 3 51
242 4 47
513 5 83
708 6 17
195 7 122
138 8 60
183 9 149
303 10 61
20 11 66
298 12 37
53 13 44
8 14 73
630 15 92
619 16 48
269 17 124
607 18 24
710 19 190
258 20 179
769 21 74
593 22 79
362 23 14
515 24 56
259 25 87
81 26 59
544 27 68
751 28 80
442 29 105
414 30 50
748 31 61
345 32 83
68 33 35
728 34 60
477 35 49
401 36 84
638 37 80
665 38 131
482 39 58
375 40 113
280 41 60
736 42 131
605 43 53
100 44 114
224 45 99
472 46 75
316 47 109
205 48 103
675 49 97
364 50 34
241 51 30
650 52 24
568 53 23
754 54 202
159 55 37
798 56 83
755 57 69
114 58 40
732 59 18
120 60 64
460 61 29
125 62 44
132 63 55
338 64 96
37 65 27
579 66 139
287 67 167
311 68 36
147 69 75
706 70 12
476 71 95
502 72 123
104 73 83
703 74 47
561 75 146
389 76 72
448 77 19
366 78 85
117 79 93
715 80 32
368 81 68
200 82 100
700 83 122
240 84 95
336 85 123
207 86 54
308 87 58
243 88 53
99 89 56
789 90 61
566 91 33
542 92 101
139 93 42
249 94 38
596 95 32
621 96 65
521 97 70
248 98 116
580 99 94
504 100 106
773 101 168
506 102 89
144 103 25
304 104 108
538 105 7
759 106 75
44 107 139
784 108 64
126 109 129
39 110 45
30 111 17
343 112 46
547 113 54
119 114 13
102 115 19
522 116 18
152 117 73
632 118 140
306 119 53
113 120 119
253 121 118
42 122 57
496 123 30
643 124 30
344 125 74
206 126 98
238 127 61
376 128 72
83 129 94
66 130 40
312 131 142
204 132 75
239 133 104
404 134 122
757 135 87
662 136 48
717 137 78
586 138 51
730 139 49
654 140 27
22 141 34
558 142 32
276 143 35
689 144 26
55 145 55
627 146 76
658 147 75
230 148 21
659 149 52
577 150 28
256 151 36
720 152 37
116 153 30
707 154 115
149 155 22
519 156 152
43 157 73
625 158 93
494 159 25
54 160 27
697 161 41
425 162 57
647 163 55
686 164 157
185 165 72
96 166 36
435 167 25
251 168 44
299 169 29
761 170 59
143 171 88
657 172 6
618 173 135
739 174 58
50 175 24
296 176 20
709 177 18
462 178 55
767 179 110
220 180 54
518 181 15
399 182 41
115 183 52
131 184 77
141 185 82
52 186 97
91 187 82
436 188 84
124 189 57
594 190 48
369 191 37
378 192 112
65 193 27
250 194 74
342 195 28
597 196 56
664 197 82
40 198 121
51 199 120
685 200 89
794 201 48
788 202 87
292 203 48
526 204 55
557 205 35
231 206 28
408 207 49
484 208 45
587 209 38
488 210 34
649 211 52
38 212 18
503 213 97
771 214 46
128 215 176
16 216 245
337 217 149
228 218 56
447 219 176
97 220 42
660 221 110
608 222 113
293 223 52
232 224 169
146 225 58
796 226 44
684 227 62
252 228 52
592 229 65
151 230 128
634 231 65
571 232 27
424 233 142
532 234 74
540 235 35
729 236 26
273 237 54
473 238 35
82 239 78
661 240 150
776 241 101
780 242 91
601 243 25
781 244 31
534 245 40
105 246 155
135 247 102
101 248 33
409 249 18
145 250 24
747 251 37
380 252 154
774 253 59
465 254 154
309 255 53
735 256 110
274 257 19
349 258 163
56 259 45
449 260 165
588 261 74
245 262 115
173 263 5
483 264 102
631 265 113
178 266 132
481 267 44
624 268 10
35 269 37
80 270 48
575 271 43
764 272 9
19 273 101
417 274 82
14 275 244
319 276 34
655 277 28
604 278 96
722 279 23
511 280 75
112 281 67
775 282 114
434 283 71
10 284 5
765 285 18
766 286 28
584 287 57
107 288 14
210 289 103
716 290 22
294 291 69
492 292 110
323 293 38
388 294 65
495 295 17
646 296 9
58 297 160
416 298 42
622 299 123
297 300 10
209 301 28
171 302 62
320 303 76
721 304 35
108 305 132
307 306 25
377 307 47
444 308 101
202 309 34
127 310 118
469 311 32
326 312 104
346 313 72
752 314 13
211 315 14
620 316 166
197 317 30
88 318 94
191 319 70
333 320 53
760 321 80
45 322 226
440 323 48
69 324 39
46 325 11
420 326 54
512 327 125
470 328 75
121 329 275
361 330 49
636 331 51
95 332 74
430 333 66
130 334 130
695 335 52
233 336 15
678 337 26
387 338 25
32 339 87
302 340 131
98 341 41
403 342 78
582 343 69
218 344 56
11 345 89
637 346 112
295 347 33
682 348 43
623 349 60
687 350 80
600 351 31
318 352 44
439 353 67
560 354 74
642 355 76
23 356 60
29 357 46
431 358 57
142 359 77
