310

1 83 133
1 3 99 36
6 124 109
6 5 7 70 11
9 7 70 15
154 7 70 32
8 112 171
9 36 111
18 17 47 23
18 20 17 47 40
18 86 90
236 10 22 96 16
201 25 27 22 96 2
63 267 22 96 6
236 10 23 46 33
88 23 46 1
31 29 74 50
236 32 29 74 18
31 81 60
35 104 100
50 37 77 37
245 180 37 77 25
45 43 134 26
45 44 13 34
47 65 44 13 3
45 67 85
47 46 128 35
101 46 128 3
47 89 136
101 46 48 90 1
47 48 90 4
154 21 73 70 92 91 48 90 1
45 123 92 91 48 90 5
142 122 91 48 90 3
140 121 0 49 87 13
241 126 0 49 87 8
1 2 49 87 15
236 231 49 87 1
50 123 96
50 14 53 0 27
8 56 57 39 11
145 59 57 39 24
145 59 60 57 39 9
45 123 57 39 5
61 58 116
63 28 121
256 67 68 92 45
161 162 170 69 68 92 5
8 74 68 92 3
161 68 92 32
88 77 76 17 38
147 76 17 13
50 14 79 76 9
145 15 79 76 17
94 276 15 79 76 6
94 95 79 76 18
80 15 92
81 59 83
84 11 201
88 50 146
84 89 2 10
88 87 86 89 2 10
88 89 2 26
201 211 89 2 4
84 71 90 8 19
164 71 90 8 3
84 90 8 3
245 180 90 8 2
93 72 79
94 10 116
101 84 111
104 103 126 8
106 103 126 28
107 103 126 39
164 103 126 33
104 4 101
164 103 105 75 2
106 105 75 14
107 105 75 35
107 85 123 105 75 5
167 123 105 75 11
136 105 75 19
106 31 139
107 116 73
108 78 135
50 14 109 44 10
236 117 13 51 109 44 7
136 134 51 109 44 14
175 51 109 44 6
8 74 109 44 5
175 176 174 109 44 15
80 111 102 9
175 111 102 31
113 79 69
8 74 114 108 22
239 74 114 108 2
94 114 108 18
113 114 108 4
154 153 114 108 12
136 134 125 293 4 115 9 3
113 112 115 9 5
136 134 125 112 115 9 9
175 125 112 115 9 3
140 112 115 9 31
113 115 9 2
154 153 114 115 9 19
236 117 116 62 8
118 116 62 24
201 25 297 116 62 5
118 51 88
236 117 13 12 127 94 1
221 13 12 127 94 6
47 39 12 127 94 27
142 122 12 127 94 6
154 21 73 70 129 20 12
154 73 70 129 20 5
161 162 70 129 20 1
164 163 70 129 20 11
108 130 129 20 1
142 122 157 129 20 1
84 155 157 129 20 21
252 129 20 3
108 130 97 43
136 6 98
236 117 119 137 25 3
118 119 137 25 4
140 121 137 25 6
167 123 137 25 14
161 139 137 25 17
236 137 25 6
88 87 86 138 27 13
63 230 138 27 21
200 232 138 27 1
94 276 232 138 27 9
140 29 97
142 66 122
142 143 93 39
145 107 126
241 126 40 42 146 24 1
147 144 146 24 3
145 146 24 47
147 146 24 2
47 65 148 146 24 10
142 64 65 148 146 24 4
140 148 146 24 2
145 148 146 24 9
147 119 65
145 148 45 13
147 148 45 26
245 180 148 45 4
8 234 149 150 110 24
118 181 151 150 110 2
118 181 151 5 1
237 151 5 43
291 292 151 5 9
154 115 99
156 41 94
18 158 14 42
35 158 14 29
142 122 159 26 7
145 122 159 26 14
145 124 159 26 9
161 130 118
161 162 30 21
164 12 73
167 32 104
31 165 168 98 1
167 165 168 98 1
167 166 168 98 8
167 168 98 2
118 181 195 190 168 98 5
201 25 169 105 16
154 73 169 105 13
81 169 105 37
8 234 169 105 5
201 25 234 169 105 2
236 231 234 169 105 3
145 124 171 21 5
175 176 124 171 21 1
236 231 234 169 171 21 4
236 299 171 21 5
175 176 174 172 106 6
236 172 106 27
175 109 81
8 177 80 37
154 21 188 3 22
161 162 170 69 188 3 5
63 230 170 69 188 3 18
236 231 230 170 69 188 3 4
118 181 191 188 3 3
193 132 98
118 181 195 196 100 1
156 198 34 13
94 182 198 34 1
107 85 197 198 34 9
200 57 121
201 95 70
200 202 16 19
201 25 203 125 1
142 203 125 18
94 182 203 125 1
205 91 94
207 101 106
164 163 70 210 43 12
50 14 11 97 210 43 4
245 180 110 210 43 4
201 211 183 210 43 18
241 183 210 43 19
245 251 210 43 14
214 212 68 3
6 215 212 68 18
214 215 212 68 26
113 213 113 44
214 216 213 113 8
214 52 105
88 87 218 103 17
107 218 103 20
175 125 219 54 3
205 208 219 54 33
291 219 54 42
94 182 152 220 48 9
154 220 48 33
107 218 220 48 1
142 38 235 261 220 48 1
221 1 107
221 224 53 33
245 223 224 53 12
245 251 72 226 49 2
94 182 275 72 226 49 4
142 141 226 49 8
250 141 226 49 10
142 38 227 63 21
201 38 227 63 7
63 228 227 63 30
229 227 63 10
229 133 41
237 42 96
239 7 144
241 35 96
145 59 56 243 37 1
164 71 56 243 37 15
239 71 56 243 37 4
140 243 37 10
241 243 37 34
61 244 117 46
1 133 244 117 13
6 240 244 117 2
241 240 244 117 12
241 244 117 2
245 69 70
245 247 111 23
140 121 248 38 18
236 231 248 38 27
245 223 224 249 61 2
250 249 61 26
245 251 249 61 7
252 249 61 14
250 40 83
245 251 33 19
250 251 33 33
252 127 88
6 5 253 23 19
221 13 296 253 23 16
94 182 254 120 16
256 254 120 41
256 65 214
236 231 234 257 73 9
239 231 234 257 73 8
256 257 73 38
140 55 258 18 16
94 276 232 258 18 5
256 240 258 18 26
145 122 12 259 129 7
84 155 160 122 12 259 129 2
239 231 234 149 259 129 1
256 240 258 259 129 20
94 182 260 259 129 8
200 182 260 259 129 4
201 38 235 261 60 14
239 231 235 261 60 24
265 261 60 1
265 264 262 131 26
265 262 131 12
265 64 112
147 266 55 25
265 262 266 55 16
265 266 55 23
63 267 56 31
214 233 267 56 18
271 269 270 121 8
271 272 270 121 17
271 114 128
277 71 149
94 276 278 19 8
277 278 19 16
80 287 88 34
239 231 235 287 88 14
118 181 288 22 7
200 182 275 72 289 288 22 4
200 182 275 72 289 118 9
107 290 289 118 7
236 10 120 290 289 118 1
175 176 124 120 290 289 118 1
291 82 138
175 125 293 85 8
277 285 125 293 85 30
201 25 297 122 7
236 297 122 35
221 13 296 297 122 5
45 43 296 297 122 14
