336

106 0 3 33 17
218 0 3 33 11
252 0 3 33 19
72 212 5 3 33 16
72 212 5 3 4 18 2
72 212 5 4 18 5
236 233 212 5 4 18 5
218 7 6 133 37
9 8 6 133 21
9 6 133 2
249 6 133 14
9 8 24 9
156 8 24 47
9 124 170
13 58 143
17 46 116
30 8 109
30 31 19 13
30 32 31 19 14
232 33 31 19 9
276 31 19 2
38 39 77
20 23 39 75 10
38 39 75 8
79 25 24 200 39 75 3
79 200 39 75 1
222 224 200 39 75 19
56 177 1 43 23 3
144 43 23 20
182 262 43 23 25
265 262 43 23 4
49 21 44 68 15
165 21 44 68 20
285 21 44 68 9
176 214 44 68 7
20 45 43 41
176 214 44 47 45 43 5
61 45 43 15
49 48 119 25
20 23 50 48 119 12
265 262 48 119 3
22 296 48 119 10
249 296 48 119 1
49 111 53
22 53 59 31
41 42 55 53 59 3
101 51 54 50 4
79 25 24 120 51 54 50 4
66 70 52 54 50 5
61 261 52 54 50 5
41 42 55 54 50 7
72 71 54 50 4
87 213 54 50 5
142 213 54 50 6
167 213 54 50 3
56 67 93
22 58 103 1
56 58 103 37
142 60 47 6
236 254 60 47 6
238 254 60 47 3
61 2 109
61 62 116 16
61 63 62 116 32
22 27 92 62 116 9
153 127 92 62 116 4
61 64 121 18
176 214 64 121 15
22 297 64 121 27
293 65 120 27
66 38 72
68 67 44 35
68 42 81
66 69 66 50
68 69 66 15
144 69 66 15
66 70 72 38
68 70 72 12
68 231 70 72 9
72 81 66
72 73 32 3
79 25 24 120 73 32 4
72 24 120 73 32 4
276 24 120 73 32 8
163 73 32 22
292 77 76 94 3
265 149 76 94 21
79 17 53
79 78 80 91 3
79 80 91 18
112 111 80 91 4
61 261 80 91 2
287 80 91 38
112 15 81 29 27
22 26 81 29 20
61 261 84 83 86 10 9
276 261 84 83 86 10 6
20 275 84 83 86 10 2
20 275 84 86 10 6
222 224 200 85 86 10 4
144 140 86 10 25
87 30 127
13 18 88 85 9
260 18 88 85 2
292 77 88 85 34
87 88 85 26
72 89 82 14
87 89 82 27
209 89 82 7
226 211 89 82 1
232 33 125 122 91 51 5
209 125 122 91 51 13
144 122 91 51 12
13 121 148 91 51 22
79 95 34 32
276 94 95 34 5
153 127 95 34 4
187 95 34 3
236 233 212 95 34 2
96 117 63
96 98 126 19
96 97 98 126 6
276 261 97 98 126 25
20 275 98 126 24
56 99 86 46
102 100 99 86 8
101 129 81
102 27 91
22 27 104 52 31
106 104 52 15
106 105 110 7
13 121 138 105 110 3
133 136 121 138 105 110 7
167 213 105 110 3
180 213 105 110 10
265 262 213 105 110 6
292 213 105 110 9
260 105 110 8
106 65 80
102 126 109 5 28
176 109 5 7
112 111 36 38
113 111 36 31
112 83 84
113 98 77
56 114 16 34
276 94 114 16 7
156 155 114 16 2
117 114 108
117 119 45 11
117 118 119 45 11
276 24 120 128 130 1
61 120 128 130 28
292 213 128 130 6
209 263 128 130 4
133 56 72
133 134 100 9
20 135 134 100 23
133 136 134 100 13
142 141 96 30
144 141 96 37
106 145 141 96 23
163 141 96 3
142 115 186
144 105 113
133 136 121 146 22 15
106 145 121 146 22 17
153 152 9 18
153 61 89
156 104 69
79 25 161 134 24
163 161 134 1
163 161 162 25 3
163 162 25 43
180 178 124 123 164 7 18
165 15 129
167 108 206
168 118 135
30 171 49 25
165 171 49 3
167 171 49 36
236 171 49 28
276 24 74 172 6 8
180 178 124 123 173 172 6 13
163 123 173 172 6 2
249 296 172 6 6
163 123 173 55 15
167 169 123 173 55 1
209 123 173 55 12
236 171 173 55 6
176 109 66
180 90 95
182 41 103
182 183 93 18
165 184 183 93 5
182 185 183 93 12
165 184 127 9
182 184 127 22
209 125 186 31 18
222 125 186 31 17
293 125 186 31 1
187 186 31 32
187 35 88
102 126 188 64 5
221 124 192 191 189 188 64 1
180 207 189 188 64 5
209 207 189 188 64 4
221 124 192 191 188 64 3
221 124 192 188 64 2
167 192 188 64 7
187 192 188 64 20
226 211 188 64 17
209 207 189 190 95 3
187 192 191 190 95 10
187 192 190 95 2
276 277 190 95 19
20 23 197 97 5
20 29 23 197 97 1
153 127 197 97 11
182 184 197 97 4
30 198 197 97 6
209 198 197 97 6
176 214 197 97 6
260 197 97 12
30 201 80 4
144 201 80 6
102 100 202 203 48 10
238 100 202 203 48 3
204 202 203 48 5
204 203 48 49
204 205 203 48 21
260 206 203 48 8
204 20 156
209 102 85
293 125 217 99 2
156 155 217 99 8
56 215 217 99 22
22 26 219 217 99 11
168 26 219 217 99 5
218 219 217 99 21
218 132 107
20 29 235 210 220 60 13
156 29 235 210 220 60 1
226 241 210 220 60 6
249 210 220 60 10
218 220 60 32
221 3 132
222 71 123
204 225 87 13
285 225 87 46
226 84 197
285 21 229 37 7
232 230 229 37 5
68 231 229 37 20
232 229 37 7
232 230 53 26
232 131 88
236 233 234 14 20
156 29 235 234 14 13
239 237 234 14 1
238 234 14 33
236 73 62
238 77 194
239 112 139
66 240 21 28
20 135 240 21 4
41 42 55 242 122 7
165 166 242 122 14
61 120 244 242 122 4
221 124 120 244 242 122 8
276 277 120 244 242 122 1
276 277 120 244 28 9
153 152 244 28 11
236 233 212 244 28 9
239 233 212 244 28 10
226 241 212 244 28 9
221 124 246 12 12
142 143 246 12 27
168 196 246 12 10
226 241 247 246 12 24
249 74 75
285 21 250 78 7
249 250 78 25
252 11 109
292 213 253 113 34
238 254 253 113 13
79 25 256 253 113 1
156 155 25 256 253 113 1
221 124 255 106 19
133 255 106 4
144 122 151 255 106 6
238 254 255 106 30
156 155 25 256 255 106 2
221 223 257 62 10
153 127 259 257 62 5
260 127 259 257 62 22
176 259 257 62 2
176 259 257 258 26 15
265 262 257 258 26 7
176 259 258 26 14
176 214 259 258 26 11
182 214 259 258 26 1
102 126 264 1 2
249 248 264 1 24
265 264 1 27
265 128 76
267 92 87
260 268 123 33
238 100 99 271 270 4 9
165 99 271 270 4 26
96 272 125 15
273 272 125 29
273 76 79
276 101 124
282 54 26
276 261 283 40 17
282 283 40 2
285 88 54
287 286 89 12
287 107 79
226 211 288 63 26
209 263 289 70 5
260 263 289 70 16
292 69 100
293 79 116
273 294 13 31
232 33 295 57 9
260 295 57 46
273 294 295 57 4
222 224 200 298 0 5
226 224 200 298 0 1
273 294 298 0 3
249 296 298 0 18
22 297 298 0 2
30 297 298 0 11
249 296 297 298 0 2
