256

6 131 82
6 7 95 39
17 0 4 48 7 95 7
103 105 4 48 7 95 5
92 47 48 7 95 20
72 48 7 95 3
96 63 7 95 8
6 8 110 5
168 203 8 110 10
292 260 8 110 16
9 4 139
236 11 36 20
274 11 36 23
77 62 15 14 50 3
17 14 50 33
292 14 50 16
17 16 54 7
86 16 54 28
176 16 54 10
17 73 84
82 19 99 13
114 113 19 99 1
152 132 19 99 5
22 17 77
24 127 267
96 63 27 29 84 4
279 163 27 29 84 1
37 230 232 27 29 84 5
207 200 262 29 84 21
164 30 53 37
32 123 75
35 69 57
37 36 77 28
32 3 38 36 77 18
141 38 36 77 4
49 36 77 26
96 63 36 77 12
37 0 121
41 1 64
41 42 40 43 10 7
57 44 43 10 18
96 63 44 43 10 14
85 261 46 43 10 2
147 71 43 10 2
49 119 100
50 130 114
51 11 98
49 52 124 4
50 52 124 17
51 52 124 17
152 132 130 122 52 124 2
141 130 122 52 124 12
53 87 119
103 105 4 56 128 14
119 4 56 128 20
92 93 56 128 9
287 202 93 56 128 2
57 31 64
57 58 59 133 30
9 293 59 133 2
67 26 89
68 43 72
67 69 40 15
68 69 40 7
207 200 69 40 6
86 231 69 40 10
147 71 67 19
85 154 71 67 22
86 231 71 67 12
72 118 52
73 108 115
114 65 61 74 94 4
73 74 94 22
160 74 94 29
76 51 82
77 125 62
80 79 28 15
80 76 62
82 84 52 39
85 68 146
86 86 179
17 0 90 44 3
73 90 44 47
22 89 90 44 3
50 100 90 44 14
114 65 91 121 6
85 91 121 4
92 91 121 32
92 90 74
94 23 100
96 14 84
98 103 87
101 70 105
103 15 55
279 102 104 19 23
103 104 19 1
103 105 104 19 4
279 163 104 19 7
108 48 93
109 72 176
110 114 106
114 32 70
116 56 113
119 5 149
116 115 120 64 12
116 120 64 42
124 93 116
98 128 129 13 21
240 129 13 31
134 42 130
134 135 111 37
137 116 55
140 7 96
141 39 204
143 27 59
92 145 22 32
147 146 21 38
265 146 21 11
265 266 146 21 8
147 30 151
149 148 81 2
235 233 150 148 81 13
292 150 148 81 7
176 148 81 10
258 254 255 148 81 2
149 66 55
152 80 76
17 157 117 33
152 132 157 117 17
9 158 57 29
160 112 138
160 161 102 4
164 162 161 102 35
279 163 161 102 11
164 161 102 15
164 3 211
177 5 165 89 20
166 165 89 2
168 165 89 39
166 82 151
168 122 119
176 134 115
177 98 118
57 58 170 178 106 3
73 252 205 170 178 106 2
265 170 178 106 21
279 170 178 106 5
101 171 181 75 17
77 62 66 204 180 181 75 1
67 182 181 75 28
279 181 75 9
24 184 183 12 35
72 75 185 96 1
73 75 185 96 18
101 171 185 96 17
187 61 140
152 132 188 35 5
101 171 188 35 7
24 184 171 188 35 5
94 186 188 35 3
187 188 35 47
212 189 188 35 20
190 24 88
190 191 6 29
86 194 33 32
195 92 37
24 198 63 5
37 198 63 2
51 198 63 13
199 198 63 39
199 109 72
207 115 95
212 104 81
51 217 2 15
152 217 2 43
218 71 118
108 221 34 41
80 62 219 221 34 7
137 136 223 25 9
235 233 20 18 151 223 25 16
137 136 201 223 25 12
212 210 209 201 223 25 6
227 201 223 25 5
35 224 37 33
227 41 67
235 18 141
236 88 90
101 238 16 5
199 238 16 25
287 202 238 16 8
258 254 238 16 9
240 129 90
177 241 59 41
80 62 66 204 241 59 5
141 131 204 241 59 17
147 281 241 59 33
242 60 38
149 244 83 7
35 34 33 172 244 83 2
242 244 83 9
248 246 245 100 21
103 247 245 100 21
248 85 101
73 252 251 250 91 4
73 252 250 91 10
109 263 253 250 91 17
73 252 251 55 30
207 200 252 251 55 7
258 254 255 74 20
256 255 74 22
258 255 74 9
256 20 78
258 49 75
96 63 264 126 5
82 264 126 31
248 264 126 14
265 264 126 9
265 79 81
265 266 9 17
269 29 64
76 270 78 14
292 260 272 270 78 15
68 271 97 35
50 100 271 97 4
101 100 271 97 39
292 260 272 270 271 97 1
116 120 117 273 45 4
57 58 297 117 273 45 10
80 62 297 117 273 45 17
85 261 273 45 1
274 62 57
50 60 276 38 1
290 60 276 38 8
96 95 276 38 6
98 95 276 38 6
218 276 38 39
85 261 276 38 7
279 120 77
279 280 58 15
147 281 280 58 2
227 281 280 58 3
227 281 282 280 58 1
227 281 282 107 15
290 60 283 46 12
141 131 214 283 46 9
207 200 262 283 46 4
265 262 283 46 5
265 262 286 47 16
290 262 286 47 21
287 132 134
287 289 8 31
290 289 8 38
290 101 99
292 113 92
298 65 69
299 105 79
