308

106 2 65 36
132 2 65 36
12 1 0 4 84 1
61 214 4 84 17
210 215 4 84 4
12 1 0 5 2 10
68 64 0 5 2 9
45 50 5 2 1
113 115 5 2 15
156 128 5 2 16
160 158 5 2 16
7 26 108
12 120 141
15 121 87
12 1 16 71 11
52 117 16 71 13
149 122 16 71 3
206 173 16 71 10
208 173 16 71 13
208 173 16 18 4 5
186 16 18 4 22
30 27 19 18 4 19
89 88 18 4 10
106 121 18 4 3
222 18 4 14
23 24 181
23 24 33 8
276 24 33 17
23 25 102 26
210 215 25 102 8
31 26 91 42
52 26 91 37
134 26 91 5
30 89 117
31 131 144
33 90 136
230 20 35 36 17
106 123 35 36 26
61 38 39 51 9
200 172 125 38 39 51 19
230 20 41 114 4
285 20 41 114 4
42 41 114 35
42 127 52
52 44 28 33
45 105 187
57 95 93
59 41 93
59 60 100 18
61 60 100 12
61 3 128
45 50 62 128 12
68 64 0 63 58 1
230 231 0 63 58 1
279 0 63 58 7
12 11 43 63 58 12
68 64 63 58 19
66 5 109
68 55 138
45 50 69 57 22
52 50 69 57 22
147 70 69 57 17
79 124 69 57 13
162 212 69 57 10
45 47 71 122 2
52 50 71 122 22
210 218 71 122 16
89 72 7 9
210 120 72 7 22
208 173 256 72 7 10
206 21 74 66 2
52 51 54 74 66 13
52 51 75 74 66 14
52 50 55 75 74 66 6
176 50 55 75 74 66 7
176 50 55 75 74 76 8 18
271 270 75 74 76 8 4
52 51 77 85 18
89 88 77 85 25
89 88 77 78 35 5
79 117 88
15 81 81 41
82 81 81 1
82 84 81 81 2
85 84 81 81 2
45 216 84 81 81 14
85 81 81 6
23 168 81 81 12
82 78 132
23 168 81 83 104 16
82 83 104 14
45 216 84 83 104 13
85 83 104 6
85 134 72
86 63 98
89 101 131
52 91 87 40
149 122 91 87 15
97 94 119 12
52 211 94 119 12
162 211 94 119 4
45 216 211 94 119 11
290 216 211 94 119 7
276 94 119 18
97 129 212
97 93 98 62 5
143 93 98 62 3
52 95 98 62 20
52 95 96 98 62 2
97 98 62 30
89 99 0 17
271 99 0 30
279 101 103 19 20
105 103 19 3
106 103 19 32
107 103 19 21
105 94 136
106 124 98
107 126 92
15 112 68 16
33 114 112 68 15
113 115 112 68 25
244 240 242 112 68 11
113 11 101
149 122 123 298 127 12 4
143 298 127 12 18
156 128 1 27
79 124 131 21 21
132 131 21 12
132 133 131 21 3
244 133 131 21 29
132 17 207
134 50 94
132 119 136 67 10
134 136 67 38
210 218 136 67 21
230 231 218 136 67 5
106 121 137 140 106 18
106 121 139 138 140 106 2
147 139 138 140 106 5
147 139 140 106 10
61 214 140 106 6
276 214 140 106 26
250 140 106 10
142 47 48
143 43 81
147 93 194
148 99 94
149 34 81
147 150 40 39
148 150 40 47
149 150 40 11
149 151 150 40 3
7 10 8 153 109 3
176 50 55 153 109 9
208 50 55 153 109 5
178 111 55 153 109 12
52 152 153 109 36
147 70 154 153 109 7
147 70 154 80 20
149 122 154 80 8
142 141 154 80 29
7 217 215 154 80 10
156 155 110 23
156 6 40
12 13 157 23 6
160 157 23 37
160 79 71
165 163 161 92 21
160 164 161 92 3
165 161 92 40
162 77 95
165 31 93
178 170 174 38 36
30 213 170 174 38 10
210 226 170 174 38 1
206 21 299 174 38 10
176 48 103
177 64 125
178 76 175
183 29 102
186 45 56
186 188 37 47
193 188 37 15
165 163 53 189 113 16
186 189 113 35
143 93 187 189 113 4
200 172 191 103 24
193 115 147
193 194 20 38
156 155 196 194 20 4
85 195 54 22
193 195 54 17
199 32 96
200 60 108
23 201 16 34
200 202 201 16 31
200 203 202 201 16 6
206 18 109
207 132 90
208 13 75
45 47 49 219 30 11
178 49 219 30 8
57 221 219 30 7
113 220 130 4
7 217 215 220 130 5
57 221 14 15
210 223 221 14 18
222 223 221 14 3
222 123 105
222 224 15 18
222 223 224 15 10
86 87 225 224 15 16
107 225 224 15 6
86 87 171 225 224 15 4
222 223 225 224 15 24
149 151 227 112 1
228 227 112 8
230 227 112 25
7 217 261 227 112 2
265 217 261 227 112 29
228 118 85
230 82 108
206 21 233 27 3
228 233 27 27
230 233 27 22
199 36 234 111 6
68 235 46 8
85 235 46 14
210 235 46 24
12 1 238 49 3
23 56 1 238 49 15
210 120 1 238 49 6
210 238 49 49
134 239 238 49 3
290 216 211 241 83 1
134 239 241 83 15
210 239 241 83 16
244 240 242 241 83 6
244 241 83 2
244 59 98
249 246 22 47
250 246 22 14
250 246 247 108 7
149 248 247 108 8
249 247 108 40
250 247 108 15
249 97 126
250 75 92
257 70 64
30 27 260 116 26
162 212 260 116 12
230 212 260 116 9
271 212 260 116 9
265 217 261 262 74 3
132 130 123 263 262 74 5
280 283 263 262 74 4
265 9 89
149 122 146 266 69 1
265 146 266 69 10
86 87 171 264 266 69 14
276 214 264 266 69 4
265 266 69 22
52 92 17 267 107 2
52 22 267 107 14
290 216 22 267 107 16
68 267 107 14
276 214 269 52 16
280 283 263 269 52 8
230 231 218 274 269 52 11
271 42 116
52 95 96 272 133 14
165 236 96 272 133 2
271 270 272 133 6
271 272 133 40
273 125 119
208 173 275 96 2
273 275 96 5
276 275 96 17
276 44 93
279 39 134
280 72 88
281 10 85
290 216 282 98 4
280 282 98 14
281 282 98 31
280 283 282 98 9
279 284 282 98 8
285 53 181
290 216 286 56 21
290 288 287 86 32
23 56 289 287 86 14
290 287 86 1
290 73 67
68 64 65 293 25 8
82 64 65 293 25 8
208 173 293 25 1
183 293 25 8
79 124 295 293 25 1
97 124 295 293 25 13
200 172 124 295 293 25 7
86 87 171 294 61 8
89 87 171 294 61 21
285 171 294 61 13
143 298 88 10
23 297 298 88 1
82 64 297 298 88 29
230 231 218 297 298 88 13
