309

0 4 7 104 16
19 18 1 4 7 104 6
0 9 7 104 14
0 9 8 134 32
69 6 9 8 134 17
0 49 8 134 7
10 116 107
12 64 92
12 11 13 109 10
25 11 13 109 1
12 13 109 8
12 14 13 109 25
28 73 14 13 109 11
165 73 14 13 109 5
25 11 15 13 109 4
23 21 156 13 109 6
25 11 15 7 11
12 15 7 14
165 73 14 15 7 5
179 14 15 7 2
180 182 15 7 11
284 262 263 15 7 9
292 15 7 5
19 17 16 74 2
19 16 74 37
90 16 74 21
19 89 72
23 21 20 123 23
264 21 20 123 6
23 20 123 6
109 123 20 123 24
23 97 85
25 84 116
19 18 1 26 50 8
25 26 50 7
25 27 26 50 23
12 214 276 26 50 4
176 223 276 26 50 19
28 53 160
29 125 104
29 30 31 1 11
32 30 31 1 7
32 31 1 13
167 31 1 26
32 100 123
38 37 36 82 3
38 36 82 30
38 43 67
39 118 132
0 3 41 12 3
39 41 12 15
19 18 1 4 44 54 13
158 45 44 54 7
65 44 54 12
65 47 48 23 7
0 49 48 23 29
91 48 23 18
19 18 1 4 53 99 9
0 3 4 53 99 21
171 261 51 53 99 7
198 52 53 99 20
111 54 53 99 4
131 129 53 99 9
0 59 41 33
25 297 59 41 4
0 5 60 13 12
19 18 1 5 60 13 3
291 1 5 60 13 10
0 2 5 60 13 9
117 74 60 13 20
65 71 133
69 67 68 77 23
69 68 77 48
161 163 68 77 1
252 163 68 77 3
69 76 91
252 163 68 75 33 17
117 74 70 75 33 3
77 76 75 33 34
77 75 33 30
167 260 75 33 2
271 270 75 33 1
77 61 142
78 42 44
78 79 25 25
95 79 25 26
236 79 25 3
82 57 121
157 84 83 129 6
85 83 129 21
85 86 83 129 20
139 140 86 83 129 8
85 66 184
87 27 107
77 88 107 24
90 93 118
91 44 112
92 81 153
95 68 115
95 96 127 19
98 96 127 47
205 96 127 41
232 96 127 14
98 26 99
90 72 99 40 28
165 99 40 15
103 79 103
217 107 105 113 18
210 121 138 105 113 10
65 66 222 105 113 7
19 154 222 105 113 27
111 108 34 12
0 3 122 108 34 3
90 72 122 108 34 5
174 108 34 27
204 108 34 1
109 121 107
39 42 110 83 21
109 110 83 6
111 110 83 26
167 260 110 83 16
111 94 195
0 112 112 26
109 112 112 49
157 71 113 59 12
111 113 59 1
12 274 273 221 113 59 28
117 9 119
291 1 118 119 5
291 293 1 118 119 5
117 118 119 12
131 130 45 4
196 130 45 27
131 105 91
165 73 133 108 7
285 132 133 108 7
90 72 255 133 108 2
92 151 255 133 108 5
176 151 255 133 108 6
236 254 255 133 108 22
210 121 134 91 20
0 124 134 91 7
0 2 135 14 1
39 135 14 12
95 97 135 14 3
139 119 135 14 34
0 2 5 137 131 9
69 6 137 131 2
192 6 137 131 6
28 137 131 7
111 137 131 17
95 220 137 131 35
236 235 137 131 10
139 56 79
139 140 96 9
142 140 96 27
139 141 120 9
142 141 120 39
142 20 81
144 80 217
246 143 145 63 18
144 145 63 19
146 86 108
146 147 72 34
146 148 147 72 3
12 274 273 221 147 72 1
287 221 147 72 17
152 58 93
152 153 130 25
19 154 153 130 9
152 154 153 130 1
232 228 233 153 130 7
230 233 153 130 32
232 233 153 130 7
157 36 69
158 29 79
0 2 5 160 4 1
28 2 5 160 4 10
82 35 160 4 6
161 160 4 23
32 162 160 4 13
157 162 160 4 6
252 163 160 4 19
161 3 102
165 128 97
167 98 160
28 166 170 8 7
165 168 170 8 11
196 168 170 8 33
171 126 172
173 60 95
174 38 77
173 175 35 44
176 0 155
171 125 178 10 4
238 125 178 10 12
179 62 87
180 19 79
181 124 98
92 93 186 31 3
210 121 126 186 31 4
95 187 106 16
210 121 126 187 106 6
131 126 187 106 17
192 75 153
85 194 133 32
196 194 133 9
158 195 115 33
196 194 195 115 4
196 92 128
198 95 90
238 199 24 9
204 39 25
205 15 56
210 122 235
109 123 127 213 2 14
217 200 123 127 213 2 11
271 127 213 2 3
117 74 70 155 213 2 5
152 155 213 2 16
152 154 155 213 2 5
218 215 216 87 28
218 216 87 5
217 32 121
218 48 165
205 225 102 24
38 36 224 225 102 1
236 235 225 102 10
285 225 102 31
28 2 226 17 21
271 226 17 36
227 103 94
229 49 109
230 67 91
232 6 211
236 114 158
238 73 107
103 239 88 21
142 239 88 10
236 239 88 38
167 260 237 239 88 2
238 239 88 12
180 182 61 240 85 10
181 182 61 240 85 28
95 220 240 85 8
28 2 5 241 78 1
192 6 5 241 78 8
10 5 241 78 18
217 200 123 34 201 241 78 10
117 201 241 78 36
271 226 241 78 2
152 244 241 78 10
0 3 4 50 242 65 1
38 37 50 242 65 8
92 50 242 65 1
28 166 242 65 4
152 244 243 242 65 4
152 244 242 65 31
95 220 244 242 65 7
292 220 244 242 65 3
246 69 95
90 16 248 47 1
131 248 47 44
250 248 47 17
117 74 70 249 101 12
139 70 249 101 3
217 200 249 101 7
252 200 249 101 6
246 249 101 9
210 207 247 249 101 18
250 30 116
252 251 21 49
252 132 60
252 253 110 44
167 260 253 110 9
264 52 86
271 270 28 12
271 16 88
117 74 60 272 5 3
232 96 272 5 4
238 125 272 5 5
284 262 125 272 5 12
252 200 269 272 5 6
271 272 5 2
205 6 279 51 34
28 166 279 51 26
181 279 51 12
176 223 279 51 12
285 277 280 46 41
139 70 278 280 46 8
236 254 70 278 280 46 1
285 277 278 280 46 4
284 283 117 48
285 283 117 17
284 37 76
285 70 85
284 262 286 18 24
287 90 122
291 111 115
292 55 129
0 3 4 296 11 4
23 4 296 11 24
95 97 4 296 11 13
69 172 296 11 23
284 262 263 296 11 3
292 263 296 11 6
39 42 299 22 12
146 148 42 299 22 6
173 299 22 6
