330

6 5 0 34
224 80 5 0 4
6 50 52
6 7 87 25
115 16 15 109 30
149 15 109 17
17 78 215
19 97 93
21 115 117
24 95 167
24 26 131 17
28 26 131 24
24 27 122 31
28 25 27 122 4
28 27 122 28
164 27 122 49
28 14 119
110 35 12 42
163 151 35 12 6
37 83 18
38 44 156
40 43 140
43 31 81
28 31 44 45 39 15
171 244 44 45 39 5
296 44 45 39 1
145 66 45 39 3
59 46 47 106 12
28 31 48 47 106 13
296 31 48 47 106 9
59 46 49 47 106 7
115 83 47 106 11
164 83 47 106 2
103 104 47 106 9
51 85 74
171 139 65 32 53 133 1
17 241 139 65 32 53 133 9
40 241 139 65 32 53 133 9
224 80 32 53 133 14
128 129 32 53 133 1
103 240 50 53 133 9
51 53 133 10
51 52 53 133 3
128 129 32 54 111 10
128 124 54 111 8
56 13 115
59 65 111
62 89 135
296 31 48 63 28 18
6 86 200 63 28 12
115 16 86 200 63 28 2
164 83 86 200 63 28 7
40 241 139 86 200 63 28 1
271 63 28 43
145 66 10 38
128 129 32 67 104 1
103 240 50 67 104 1
233 240 50 67 104 20
109 85 67 104 13
40 241 139 86 94 67 104 2
56 58 95 94 67 104 12
62 58 95 94 67 104 9
265 144 72 70 41 3
224 80 81 70 41 18
164 83 81 70 41 5
209 150 70 41 22
233 240 150 70 41 1
161 169 70 41 6
189 70 41 5
212 33 69 71 82 5
92 68 69 71 82 6
109 173 69 71 82 27
171 244 242 71 82 23
271 270 71 82 1
265 144 72 24 18
292 73 74 4 14
292 73 75 74 4 4
292 73 76 75 74 4 4
292 73 76 74 4 22
168 77 78 42 34
264 77 78 42 2
62 82 78 42 12
168 82 78 42 33
264 77 79 46 27
87 91 93
87 89 81 26
87 88 89 81 27
110 88 89 81 8
90 125 108
19 91 20 35
92 101 166
171 170 272 99 94 30
109 173 170 272 99 94 2
100 112 102
100 101 129 40
273 275 101 129 21
103 102 117 19
171 105 102 117 46
161 162 102 117 8
271 102 117 2
103 60 93
164 83 81 106 62 5
92 81 106 62 8
166 291 81 106 62 5
103 104 106 62 1
171 105 104 106 62 1
163 106 62 18
233 240 106 62 23
260 240 106 62 7
109 34 100
110 130 111
181 34 30 111 61 1
164 30 111 61 12
264 30 111 61 19
164 83 111 61 11
206 111 61 31
51 52 112 79 6
181 52 112 79 4
21 1 84 112 79 5
115 112 79 36
180 112 79 3
171 244 242 112 79 7
21 1 114 21 14
164 1 114 21 19
115 113 114 21 11
115 114 21 2
181 114 21 20
115 116 67
100 119 3 5
109 85 0 116 119 3 1
6 118 119 3 14
224 119 3 16
273 119 3 2
297 119 3 14
17 120 122 36 4
277 121 122 36 15
128 130 122 36 15
43 41 123 57 25
163 151 123 57 11
264 30 235 123 57 1
40 241 139 86 235 123 57 2
171 176 235 123 57 14
260 240 123 57 15
6 126 108 13
277 126 108 24
206 111 127 134 13
277 126 127 134 16
285 127 134 4
128 88 107
109 108 133 120 11
24 132 133 120 13
109 85 0 135 133 120 8
171 194 133 120 21
109 85 0 134 9 8
161 159 0 134 9 2
222 0 134 9 25
297 0 134 9 6
168 82 134 9 10
128 130 122 134 9 3
24 132 134 9 16
297 0 135 110 30
24 132 135 110 19
138 136 19 27
115 137 55 30
138 136 137 55 11
138 69 105
43 143 132 19
109 85 143 132 10
62 58 95 94 143 132 2
145 146 95 94 143 132 3
180 146 95 94 143 132 15
56 60 142 143 132 7
109 173 170 142 143 132 2
220 170 142 143 132 23
145 26 137
40 241 139 86 148 15 5
149 148 15 2
171 172 148 15 28
109 173 172 148 15 8
149 100 111
87 154 35 5
17 153 154 35 25
59 46 155 154 35 8
171 154 35 32
158 8 164
160 107 220
161 92 152
163 6 136
164 70 77
163 151 165 37 18
209 151 165 37 5
265 151 165 37 10
277 151 165 37 16
164 165 37 7
40 241 139 86 200 165 37 1
145 86 200 165 37 6
251 250 200 165 37 8
24 230 165 37 5
166 5 88
166 167 56 41
168 38 153
180 76 100
181 17 126
186 72 200
187 63 113
188 71 101
189 47 89
171 191 25 49
171 194 193 45 17
277 194 193 45 7
164 196 193 45 16
109 173 210 193 45 8
212 173 210 193 45 3
277 194 195 90 21
164 196 195 90 21
277 194 197 195 90 5
164 196 197 195 90 12
212 173 172 196 197 195 90 3
181 179 172 196 197 195 90 4
110 88 198 54 25
145 86 201 29 15
168 175 201 29 24
138 243 201 29 38
59 245 243 201 29 2
260 245 243 201 29 1
21 204 33 6
181 179 172 204 33 12
260 245 172 204 33 1
285 289 172 204 33 11
103 205 204 33 14
206 205 204 33 2
206 204 33 1
206 205 32 29
206 59 28
209 208 102 15
209 127 69
212 173 210 67 14
180 184 210 67 12
181 184 210 67 17
180 183 184 210 67 6
209 210 67 35
168 2 211 103 5
115 113 211 103 29
212 173 211 103 30
212 123 81
251 174 213 52 17
214 213 52 46
171 244 242 215 213 52 1
292 242 215 213 52 9
19 216 113 14
285 289 172 216 113 10
181 179 216 113 17
220 49 199
222 128 125
220 223 22 34
222 223 22 26
224 223 22 8
233 223 22 3
285 223 22 8
224 18 153
168 2 225 93 29
296 31 225 93 6
171 176 228 225 93 1
166 291 81 227 228 225 93 13
171 291 81 227 228 225 93 3
17 231 2 4
233 231 2 27
233 229 232 86 11
233 232 86 41
233 234 232 86 5
233 114 252
171 176 235 11 23
284 235 11 2
224 80 236 77 10
103 236 77 24
115 236 77 5
62 238 236 77 3
62 57 237 84 14
138 136 137 237 84 2
260 240 137 237 84 9
62 238 237 84 1
163 246 64 19
163 246 247 105 4
145 86 248 7 2
265 144 147 248 7 29
251 250 249 248 7 1
251 249 248 7 8
251 250 248 7 3
251 248 7 17
251 66 122
264 252 119 35
256 255 121 14
260 245 257 255 121 16
181 34 258 255 121 1
256 258 255 121 17
256 126 110
260 96 74
264 98 148
265 73 95
264 266 30 9
265 266 30 27
17 18 267 51 19
19 18 267 51 22
40 241 267 51 20
180 241 267 51 9
271 241 267 51 3
271 270 23 4
220 170 272 270 23 1
271 1 108
273 58 89
260 245 243 274 48 17
273 274 48 41
277 80 86
109 108 281 124 1
145 281 124 32
212 283 282 281 124 3
284 281 124 43
284 74 63
285 118 149
285 286 75 26
285 287 16 33
285 288 287 16 5
285 289 287 16 22
110 290 27 12
171 291 290 27 18
292 290 27 15
292 40 114
292 242 295 99 33
296 68 87
297 53 147
