316

5 112 156
5 6 9 9
7 6 9 43
47 6 9 20
150 154 272 6 9 5
7 50 93
9 71 112
11 77 109
49 0 1 14 4 1
115 153 1 14 4 1
49 0 2 43 14 4 2
168 223 14 4 28
115 153 1 15 88 1
205 1 15 88 18
285 287 1 15 88 1
297 298 1 15 88 2
150 155 84 15 88 29
150 171 84 15 88 6
196 84 15 88 3
150 12 16 59 18
126 55 52 16 59 3
129 55 52 16 59 6
114 79 52 16 59 1
262 111 52 16 59 3
150 239 52 16 59 10
150 154 192 277 52 16 59 7
21 19 116
21 22 5 9
23 22 5 40
23 76 189
21 20 24 61 24
23 20 24 61 8
23 24 61 25
276 24 61 4
49 0 2 28 72 1
130 2 28 72 4
168 26 28 72 11
233 26 28 72 10
296 295 26 28 72 8
49 271 28 72 8
297 271 28 72 3
120 3 29 122 31
207 3 29 122 8
150 154 169 29 122 5
198 154 169 29 122 3
297 271 169 29 122 2
115 153 30 22 10
150 153 30 22 2
69 159 164 30 22 5
139 159 164 30 22 21
285 287 30 22 13
34 31 32 73 17
34 32 73 15
48 35 32 73 15
150 153 32 73 16
276 153 32 73 3
34 14 92
45 37 85 17
130 37 85 11
139 37 85 41
49 0 4 40 39 38 63 9
49 0 4 40 38 63 11
139 143 40 38 63 9
240 60 38 63 20
105 112 123 38 63 3
297 271 251 38 63 5
130 2 41 121 4
139 143 40 39 41 121 5
139 143 40 41 121 18
296 299 40 41 121 10
296 41 121 14
49 0 4 42 2 10
207 3 4 42 2 15
69 42 2 13
130 2 43 80 20
207 3 4 43 80 14
296 4 43 80 13
71 50 62 43 80 2
45 52 192
48 46 95 21
49 46 95 11
47 129 78
48 48 72
49 31 263
200 56 26 19
64 132 91
198 66 65 18 5
150 65 18 21
241 65 18 48
67 75 152
69 68 42 43
139 68 42 20
69 116 152
71 53 120
76 75 74 57 14
76 74 57 18
76 29 79
237 78 65 37
114 79 27 31
237 173 80 83 118 3
237 173 80 81 83 118 2
262 111 185 83 118 14
5 224 83 118 5
45 270 83 118 8
139 68 270 83 118 2
150 275 83 118 25
274 275 83 118 4
276 275 83 118 2
85 104 84
85 86 84 50
218 86 84 4
168 223 86 84 2
198 66 268 86 84 2
269 268 86 84 4
49 46 90 37 6
71 88 90 37 8
91 90 37 43
139 113 90 37 4
139 143 90 37 14
91 25 209
296 4 94 69 7
198 154 192 277 52 94 69 2
274 277 52 94 69 28
205 95 94 69 15
168 223 189 94 69 16
150 96 34 12
210 96 34 11
91 151 156 220 96 34 7
69 221 220 96 34 7
297 220 96 34 16
237 54 97 110 2
168 223 189 94 97 110 1
276 275 97 110 22
274 277 275 97 110 7
49 98 102 123 15
120 103 102 123 2
240 102 123 28
132 133 104 49 18
47 222 104 49 28
105 222 104 49 10
105 101 99
196 84 106 47 32
105 106 47 11
105 107 106 47 9
105 109 106 47 5
214 217 106 47 1
49 108 54 34
105 108 54 9
114 125 128
115 78 169
49 117 133 15
115 117 133 41
114 118 117 133 3
114 118 97 33
120 6 216
121 40 91
105 112 123 126 8
150 112 123 126 17
105 222 123 126 15
125 32 84
126 82 101
129 127 68 35
130 127 68 26
285 127 68 17
130 128 35 23
129 99 125
130 83 86
296 4 131 28 3
49 131 28 12
132 0 107
130 122 134 96 43
132 134 96 3
69 221 135 134 96 13
132 136 134 38
115 137 136 134 12
139 86 181
49 0 142 114 9
120 0 142 114 23
297 63 142 114 8
139 142 114 32
146 36 127
71 50 62 43 160 1 3
91 151 160 1 2
276 153 160 1 1
196 197 160 1 16
274 10 8 163 70 17
198 154 152 163 70 6
218 152 163 70 7
126 161 163 70 13
67 72 165 163 70 20
67 70 72 165 163 70 3
69 70 72 165 163 70 4
168 117 93
218 152 170 111 1
168 170 111 10
198 170 111 19
233 170 111 14
150 171 174 94 13
296 174 94 28
218 152 176 23 3
269 152 176 23 32
91 151 156 177 176 23 9
91 151 156 177 91 15
129 151 156 177 91 10
214 177 91 14
146 178 81 9
49 179 178 81 21
242 179 180 119 31
181 41 81
139 113 183 66 12
181 183 66 39
262 111 185 113 27
186 24 92
21 19 187 74 9
23 19 187 74 5
139 113 19 187 74 9
120 19 187 74 18
276 153 187 74 3
186 187 74 13
139 113 194 45 5
198 154 194 45 10
297 271 169 194 45 4
196 193 194 45 7
196 194 45 34
196 193 195 98 1
196 194 195 98 1
196 195 98 19
196 197 195 98 7
196 108 81
198 115 82
186 199 7 26
201 199 7 30
201 202 199 7 20
200 109 106
201 62 81
150 155 204 87 6
205 100 102
207 55 185
205 208 127 14
207 208 127 40
210 131 120
213 15 76
214 12 111
23 53 215 20 26
213 215 20 42
214 215 20 30
214 216 90 30
214 215 216 90 3
214 217 216 90 6
218 216 90 41
218 11 100
205 226 107 12
242 227 226 107 22
285 226 107 37
230 67 61
231 120 49
233 21 88
129 55 235 89 12
76 292 148 234 235 89 6
237 43 110
114 110 238 33 7
120 110 238 33 42
237 238 33 8
240 64 80
241 3 84
242 79 204
243 10 100
241 244 56 10
242 244 56 14
242 281 228 246 17 4
198 247 246 17 7
129 151 156 248 246 17 1
242 248 246 17 8
126 249 246 17 33
198 247 249 246 17 4
9 250 51 1
129 151 250 51 2
296 250 51 32
5 224 254 252 44 25
207 3 253 254 252 44 3
237 54 253 254 252 44 5
237 255 252 44 9
258 106 100
120 19 261 30 1
237 54 261 30 27
276 153 261 30 24
262 261 30 18
262 16 85
150 155 264 263 39 4
296 155 264 263 39 9
267 266 265 263 39 6
274 266 265 263 39 7
267 263 39 6
296 155 264 130 10
267 264 130 35
274 266 265 124 12
267 265 124 28
267 93 66
269 268 46 35
269 102 84
274 103 76
276 38 155
278 13 85
237 238 284 128 9
210 283 284 128 19
285 60 129
129 51 290 8 12
48 35 291 290 8 3
296 155 291 290 8 3
76 292 290 8 16
64 293 58 12
276 153 184 293 58 9
139 68 270 293 58 7
198 154 272 294 293 58 5
296 105 100
297 92 91
