298

86 0 4 24 23
209 184 0 4 24 1
128 4 24 35
39 3 5 6 1 6
87 44 6 1 23
25 131 18 41 7 62 7
124 7 62 48
159 7 62 19
20 22 8 119 9
21 22 8 119 2
92 11 10 128 36
13 10 128 15
13 60 109
219 218 9 1 16 14 17 1
91 93 1 16 14 17 1
130 260 1 16 14 17 2
135 263 1 16 14 17 1
152 16 14 17 9
32 79 14 17 2
82 14 17 10
152 16 108 24
89 19 127 42
267 19 127 11
20 56 67
21 74 71
91 2 24 63 3
267 19 24 63 2
25 24 63 36
265 49 261 24 63 6
265 261 24 63 7
25 3 192
21 26 46 22
25 26 46 15
159 160 29 28 117 9
135 263 29 28 117 19
91 90 165 28 117 9
135 263 29 30 3
105 287 29 30 1
288 287 29 30 30
91 2 30 5 31
92 2 30 5 10
226 2 30 5 2
92 11 58 30 5 12
91 31 64 4
82 108 31 64 24
32 7 187
35 105 111
39 43 66
226 2 45 70 1
13 47 45 70 5
296 45 70 25
91 101 102 48 118 8
100 101 102 48 118 24
221 187 48 118 8
52 51 11 38
52 13 85
202 204 54 65 4
219 217 54 65 34
254 57 59 25 7
89 59 25 22
35 34 60 106 8
25 131 18 41 60 106 9
226 41 60 106 19
296 293 62 61 90 8
32 79 61 90 8
130 134 61 90 1
35 132 134 61 90 1
107 132 134 61 90 40
25 133 132 134 61 90 8
254 43 65 89 14
202 64 65 89 14
267 65 89 29
91 93 72 51 13
250 93 72 51 14
35 74 73 26 9
82 182 74 73 26 11
221 187 182 74 73 26 15
76 73 26 4
76 77 73 26 12
149 147 73 26 4
221 187 182 74 75 47 9
294 292 74 75 47 2
76 75 47 35
76 77 75 47 12
76 92 83
87 44 78 87 23
32 79 78 87 11
87 44 169 78 87 2
219 44 169 78 87 7
265 264 78 87 15
265 264 78 80 50 15
82 84 94
83 31 22
20 85 59 22
294 292 74 85 59 5
83 85 59 32
86 41 135
87 44 94
88 35 115
89 99 141
76 96 94 97 16 2
115 95 97 16 3
76 96 97 16 11
209 97 16 13
142 263 97 16 10
39 3 98 126 26
99 98 126 29
214 98 126 1
265 261 98 126 3
99 131 63
100 120 73
142 263 1 103 12 26
92 104 103 12 6
100 101 102 104 103 12 17
25 164 104 103 12 4
226 241 247 103 12 10
105 19 93
91 106 75 27
105 106 75 14
107 106 75 35
296 293 186 106 75 16
107 68 105
52 53 110 130 4
115 53 110 130 21
35 262 53 110 130 6
92 109 110 130 16
221 187 174 110 130 3
114 22 106
115 78 94
159 7 116 73 13
209 184 7 116 73 3
92 117 57 44
226 117 57 5
91 273 117 57 7
130 260 297 117 57 6
105 40 118 116 14
250 93 118 116 9
105 118 116 36
130 118 116 2
276 180 118 116 5
119 54 89
121 29 112
121 122 58 35
202 123 122 58 18
126 122 58 6
124 107 156
135 42 127 125 18 10
92 127 125 18 33
126 122 74
128 37 81
126 129 100 7
128 129 100 6
130 129 100 29
135 36 60
142 139 98 14
142 140 143 139 98 1
142 141 143 139 98 19
142 143 139 98 6
142 32 90
99 90 145 144 94 8
126 90 145 144 94 3
130 145 144 94 4
25 131 145 109 27
149 147 82 39
265 147 82 7
126 90 67 148 104 1
130 148 104 8
142 140 148 104 34
149 148 104 38
149 83 111
152 151 150 53 21
152 134 128
82 81 155 121 11
142 155 121 40
276 180 156 103 4
201 156 103 30
159 96 65
296 170 162 97 15
142 263 162 97 8
100 163 9 19
221 187 181 185 163 9 4
246 185 163 9 35
296 293 186 163 9 1
126 90 165 71 12
91 165 71 3
92 165 71 11
252 161 165 71 17
25 133 132 166 165 71 5
198 165 71 15
25 133 132 166 123 1
25 133 166 123 25
159 133 166 123 19
219 44 169 86 9
91 169 86 44
159 133 167 169 86 9
159 133 167 169 171 48 1
254 236 169 171 48 4
172 171 48 37
172 66 77
172 173 0 41
219 218 173 0 6
227 134 176 125 14
82 81 189 111 18
21 22 190 189 111 16
192 69 89
276 180 195 2 3
130 212 195 2 13
135 42 213 212 195 2 8
198 34 96
201 200 197 199 91 7
201 197 199 91 28
198 199 91 25
201 132 98
202 27 74
115 95 183 203 61 3
202 203 61 21
209 208 39 2
211 208 39 40
209 133 123
210 80 103
211 49 70
135 42 213 101 29
152 42 213 101 4
91 213 101 7
214 129 156
91 216 10 12
214 216 10 40
219 42 89
219 217 220 21 11
221 220 21 33
221 110 91
225 8 102
226 4 98
227 229 52 30
35 230 28 1
227 230 28 21
227 229 230 28 16
152 151 233 20 18
32 235 233 20 8
276 274 1 234 45 18
92 11 58 239 15 2
39 37 58 239 15 13
130 260 58 239 15 1
121 237 239 15 28
254 43 63 240 23 14
128 240 23 3
130 129 240 23 1
254 236 240 23 22
121 237 240 23 19
105 40 238 240 23 17
227 245 113 24
246 245 113 18
246 77 113
130 249 124 34
250 249 124 23
296 249 124 2
250 88 98
252 33 95
254 112 119
115 95 183 256 102 2
172 183 256 102 27
225 183 256 102 4
254 256 102 6
259 38 137
265 85 126
267 55 95
130 260 270 67 10
219 218 260 270 67 4
221 218 260 270 67 11
276 218 260 270 67 3
267 260 270 67 9
227 134 272 6 22
267 260 272 6 3
296 260 272 6 2
276 79 138
276 274 1 281 280 81 2
152 278 281 280 81 11
25 164 279 281 280 81 7
35 262 282 40 18
25 284 286 114 13
92 127 125 285 286 114 4
276 277 285 286 114 2
288 76 29
209 184 0 289 14 6
227 184 0 289 14 26
35 262 289 14 5
35 34 291 290 289 14 1
35 34 291 289 14 14
52 34 291 289 14 10
294 72 98
295 93 66
296 95 90
39 3 299 115 10
159 3 299 115 18
211 3 299 115 3
39 299 115 9
294 292 263 299 115 3
296 260 297 299 115 5
