321

180 161 6 8 102 8
48 0 7 8 102 3
140 1 7 8 102 2
48 7 8 102 14
180 161 8 102 38
144 202 8 102 15
59 205 202 8 102 3
11 49 161
48 0 10 12 56 7
11 12 56 27
48 0 4 15 35 6
44 15 35 29
92 90 15 35 20
151 61 163 15 35 23
153 163 15 35 16
199 163 15 35 2
250 248 15 35 21
77 62 17 94 2
213 216 62 17 94 9
252 62 17 94 26
37 123 156 17 94 18
153 123 156 17 94 2
48 0 18 122 15
81 19 18 122 6
292 149 150 18 122 26
223 150 18 122 13
81 19 47 42
112 19 47 20
20 105 111
140 1 21 23 22 4
200 218 22 23 22 2
133 27 28 23 22 6
133 27 29 28 23 22 10
236 171 24 112 11
199 198 24 112 11
89 214 198 24 112 11
297 24 112 38
48 0 4 3 30 101 6
46 4 3 30 101 8
112 138 5 3 30 101 22
200 31 30 101 2
166 167 30 101 15
200 31 28 29
33 65 83
34 103 89
34 35 58 31
37 19 156
38 13 140
20 36 39 16 14
38 36 39 16 1
41 40 39 16 8
250 39 16 29
41 117 87
44 46 66
46 121 112
48 92 62
46 49 84 32
48 49 84 7
132 50 51 5 3
46 4 52 51 5 15
200 4 52 51 5 12
250 39 55 52 51 5 3
112 138 54 51 5 18
254 54 51 5 23
217 51 5 2
200 4 56 67 21
296 4 56 67 6
92 56 67 49
57 57 99
59 27 130
151 61 69 131 6
254 61 69 131 2
48 0 160 69 131 3
112 0 160 69 131 28
46 70 125 15
124 64 60 70 125 7
213 110 60 70 125 2
153 70 125 35
231 70 125 16
89 72 12 31
252 72 12 5
254 65 73 116 2
20 263 65 73 116 5
48 71 73 116 14
77 75 73 116 11
252 159 73 116 24
254 61 74 63 14
48 71 74 63 3
199 163 74 63 2
296 172 74 63 10
89 214 203 74 63 7
297 203 74 63 3
77 41 134
77 76 78 2 21
77 78 2 19
296 4 79 129 17
133 63 95 79 129 6
183 63 95 79 129 12
236 79 129 21
81 69 91
59 58 82 11 6
20 263 82 11 26
85 96 101
183 63 86 71 1
281 161 136 86 71 7
77 88 126 39
92 87 88 126 23
89 30 162
92 33 112
183 63 95 93 90 3
140 142 93 90 16
124 64 98 97 2
183 63 95 98 97 1
124 64 95 98 97 3
187 95 98 97 21
89 99 98 97 9
133 134 105 104 61 2
281 105 104 61 39
118 119 117 104 61 18
46 261 287 104 61 7
33 107 25 12
124 64 107 25 20
85 107 25 27
38 131 128 108 9 22
112 0 160 174 108 9 3
297 203 174 108 9 12
197 260 108 9 9
20 263 108 9 17
112 110 119
11 9 115 113 95 21
177 122 117 115 113 95 5
118 119 115 113 95 3
118 113 95 10
213 216 113 95 20
118 107 82
124 99 66
124 126 32 19
127 126 32 19
127 119 166
38 131 128 130 70 2
132 129 130 70 5
38 131 130 70 2
132 130 70 31
132 0 100
133 10 57
118 119 135 53 5
281 161 136 135 53 3
281 161 135 53 6
59 205 202 135 53 4
200 205 202 135 53 4
232 202 135 53 16
140 21 277
140 1 143 8 12
140 143 8 39
92 147 146 77 1
33 201 146 77 15
281 146 77 30
151 18 152
153 29 135
127 155 40 32
151 155 40 25
153 155 40 41
11 9 157 20 9
127 9 157 20 32
232 202 157 20 5
46 261 202 157 20 2
153 158 73 23
252 159 158 73 20
37 263 164 48 25
166 34 94
85 169 170 113 30
187 170 113 46
85 169 173 98 5
291 169 173 98 30
187 170 173 98 3
236 171 173 98 5
200 175 72 43
177 100 214
177 178 111 49
180 23 111
180 179 181 62 1
180 181 62 38
182 181 62 33
182 42 169
183 4 78
20 185 26 21
296 4 184 185 26 14
187 185 26 9
187 189 185 26 1
296 4 184 186 109 2
197 184 186 109 18
187 186 109 34
187 36 160
44 154 162 188 45 16
281 161 162 188 45 3
197 184 188 45 12
187 188 45 4
187 189 188 45 7
37 263 188 45 2
187 189 74 13
200 211 212 189 74 20
133 134 190 24 25
281 161 162 190 24 12
183 162 190 24 28
296 162 190 24 1
140 1 192 191 124 10
182 262 1 192 191 124 1
182 262 1 192 193 130 8
177 122 192 193 130 1
187 192 193 130 10
44 154 195 79 15
199 163 195 79 9
197 51 86
199 133 86
187 100 207 106 13
200 206 207 106 5
112 138 209 208 123 9
200 210 208 123 21
213 81 69
213 215 127 22
217 215 127 22
217 64 68
252 62 219 17 3
182 293 62 219 17 18
217 219 17 21
183 63 221 132 15
236 63 221 132 7
92 87 221 132 5
223 221 132 23
223 120 107
231 228 82 15
232 228 82 19
269 5 3 229 134 10
231 229 134 26
231 31 129
232 86 101
236 76 90
124 237 60 6
34 235 237 60 2
200 235 237 60 15
236 237 60 14
112 238 88 1
199 238 88 46
200 204 238 88 5
197 260 238 88 22
132 240 39 11
200 226 241 240 39 15
281 241 240 39 17
200 204 242 7 20
281 241 240 242 7 4
281 241 242 7 10
46 121 249 14 13
59 58 121 249 14 9
112 0 160 249 14 3
252 0 160 249 14 12
281 161 160 249 14 2
250 160 249 14 12
250 248 249 14 15
296 249 14 7
250 1 84
250 251 52 21
252 3 157
254 253 6 41
257 253 6 3
254 115 94
255 68 101
257 38 96
200 205 258 59 13
259 108 52
20 264 83 8
81 264 83 35
296 162 264 83 11
250 248 264 83 8
46 265 55 4
281 161 265 55 6
182 262 265 55 12
200 262 265 55 11
269 50 77
77 75 270 43 15
269 270 43 31
59 272 270 43 4
274 273 89 38
85 84 275 273 89 9
274 275 273 89 34
200 205 276 273 89 5
274 276 273 89 5
274 91 45
254 61 277 104 24
127 277 104 38
278 54 92
124 64 279 114 16
166 279 114 30
278 279 114 15
281 85 130
281 282 80 27
133 27 284 66 15
166 27 284 66 3
89 214 283 284 66 16
286 284 66 21
59 225 285 87 14
200 235 225 285 87 6
46 261 285 87 13
89 214 283 285 87 12
217 214 283 285 87 18
286 283 285 87 3
269 5 3 289 75 2
38 3 289 75 11
197 260 289 75 4
200 226 2 288 289 75 5
291 288 289 75 28
291 289 75 9
291 44 129
292 37 97
166 27 295 93 8
296 295 93 25
296 128 99
297 78 183
297 298 15 32
41 299 118 26
297 299 118 10
297 298 299 118 7
